9005	1005	10	11.5953526328	0.00116509379005	10	9952.291164720202
9005	1005	10	10.4362270821	0.00104834012813	9	9955.001055558669
9005	1005	10	9.2883210571	0.000924962423402	8	10041.836102855523
9005	1005	10	10.449566769	0.00104046242775	9	10043.19472797751
9005	1005	10	11.6030983117	0.00116049669258	10	9998.389815156677
9005	1005	10	10.4409419454	0.00104553903346	9	9986.180918490838
9005	1005	10	10.4337694669	0.00104980753529	9	9938.745071100253
9005	1005	10	8.12041356447	0.000813386009761	7	9983.468447978961
9005	1005	10	11.6040104999	0.0011599582415	10	10003.81745192423
9005	1005	10	9.28284350497	0.000928181923657	8	10001.103521162368
9005	1005	10	8.12600207213	0.000810091424604	7	10030.969129328076
9005	1005	10	9.28229623624	0.000928505106778	8	9997.033046425762
9005	1005	10	11.6062918299	0.0011586142973	10	10017.390478379584
9005	1005	10	9.28010804461	0.00092980009298	8	9980.756201981467
9005	1005	10	10.4380713341	0.00104724226204	9	9967.198338409346
9005	1005	10	8.12137084678	0.000812819321876	7	9991.606533206437
9005	1005	10	9.29142893559	0.000923147934456	8	10064.940394474455
9005	1005	10	11.6037824344	0.00116009280742	10	10002.46045844645
9005	1005	10	8.12504329414	0.000810654313839	7	10022.821263558784
9005	1005	10	10.4516231761	0.00103926096998	9	10056.784078315353
9005	1005	10	9.28430332038	0.000927321200881	8	10011.96059311922
9005	1005	10	10.4468950959	0.00104202848211	9	10025.53699371118
9005	1005	10	10.4427884805	0.00104444702333	9	9998.389815156677
9005	1005	10	11.6024142994	0.00116090085907	10	9994.319677484535
18010	2010	20	20.0122811818	0.00100576639399	15	19897.544103030694
18010	2010	20	24.0803163526	0.00119824257755	18	20096.36179161568
18010	2010	20	19.991644389	0.00100853896322	15	19822.381799802584
18010	2010	20	16.02274379	0.00080289040546	12	19956.32739046243
18010	2010	20	22.6708794688	0.00114116936296	17	19866.35832041087
18010	2010	20	18.6771882411	0.000938841201717	14	19893.873646572083
18010	2010	20	14.7101643098	0.00073299127074	11	20068.67598153655
18010	2010	20	25.3994719279	0.00126725805376	19	20042.85697975052
18010	2010	20	17.3790253939	0.000867013472055	13	20044.700519653674
18010	2010	20	21.3906512784	0.00106695118698	16	20048.387910643894
18010	2010	20	21.3901104777	0.00106702234078	16	20046.54416328091
18010	2010	20	17.3606001259	0.000869448903157	13	19967.361006370033
18010	2010	20	21.3890289919	0.00106716467685	16	20042.85697975052
18010	2010	20	17.4072083477	0.000863328463275	13	20162.90333072754
18010	2010	20	24.0815355443	0.00119808306709	18	20100.05500097434
18010	2010	20	20.0562711192	0.000999933337777	15	20057.60820390375
18010	2010	20	21.386866483	0.00106744946294	16	20035.4838571453
18010	2010	20	21.3814629074	0.0010681620936	16	20017.058305602677
18010	2010	20	20.028934972	0.00100354586205	15	19958.1660684642
18010	2010	20	20.0441087383	0.00100153568806	15	20013.374438257593
18010	2010	20	21.3857854598	0.00106759191299	16	20031.79791788382
18010	2010	20	20.0781142049	0.000997075245945	15	20137.01000658287
18010	2010	20	19.9996906322	0.00100745516825	15	19851.692921564678
18010	2010	20	18.6884874101	0.000937332619175	14	19937.946282671302
36020	4020	40	34.6962037296	0.000864080186641	20	40153.91657622833
36020	4020	40	34.6142094717	0.000866213348348	20	39960.37412454699
36020	4020	40	29.5286552814	0.000733517431826	17	40256.24204711787
36020	4020	40	38.1467824494	0.000950981239734	22	40113.07569017696
36020	4020	40	34.6673671925	0.00086482746692	20	40085.8766846726
36020	4020	40	36.349435931	0.000909405854842	21	39970.532119978365
36020	4020	40	36.3193612454	0.000910194174757	21	39902.871554951875
36020	4020	40	34.5641504876	0.000867528411555	20	39842.09626705066
36020	4020	40	31.1193017724	0.0007804708841	18	39872.46982090159
36020	4020	40	41.6562484793	0.00103635892564	24	40194.80842845688
36020	4020	40	36.4340459299	0.000907205806117	21	40160.72834218156
36020	4020	40	39.9405386969	0.000992662926198	23	40235.751374225045
36020	4020	40	50.1864474562	0.00125611816174	29	39953.60387658902
36020	4020	40	29.4379297337	0.0007358670245	17	40004.41486521631
36020	4020	40	43.2462772491	0.00108332972223	25	39919.77360309058
36020	4020	40	41.4478975918	0.00104180231801	24	39784.80070089739
36020	4020	40	31.1786215632	0.000778917304946	18	40028.15365021315
36020	4020	40	48.596932551	0.00120913762577	28	40191.39882437494
36020	4020	40	32.7320443723	0.000826913870392	19	39583.37808122211
36020	4020	40	38.1769449749	0.000950200837904	22	40177.76395473058
36020	4020	40	36.3705329077	0.000908854842898	21	40017.97777931723
36020	4020	40	41.5422124926	0.00103932097696	24	39970.532119978365
36020	4020	40	43.2821027765	0.0010823916526	25	39987.46911317087
36020	4020	40	41.6285167653	0.00103707544724	24	40140.297290911745
72040	8040	80	74.0969414459	0.00090297983345	27	82058.2461546
72040	8040	80	88.0140023956	0.00106959021325	32	82287.5913647
72040	8040	80	96.0750268334	0.00116978609626	35	82130.4229388
72040	8040	80	103.589097469	0.00130635760702	39	79296.12604683156
72040	8040	80	93.3730794158	0.00113583216409	34	82206.7576245
72040	8040	80	85.0814402756	0.00103737911187	31	82015.763863
72040	8040	80	74.0410356061	0.000901984365604	27	82086.828142
72040	8040	80	71.487327585	0.000869768842204	26	82191.1801345
72040	8040	80	93.5110137717	0.001137504182	34	82207.1824011
72040	8040	80	66.3458161194	0.000837633183676	25	79206.28911598912
72040	8040	80	90.4590526576	0.00110419594459	33	81923.0075068
72040	8040	80	90.3966308711	0.00113853263235	34	79397.4878736603
72040	8040	80	80.1636767035	0.00100304256244	30	79920.5135508068
72040	8040	80	71.4884404077	0.000868432479375	26	82318.9391295
72040	8040	80	74.8688587512	0.00093598529166	28	79989.35391226035
72040	8040	80	68.9200413377	0.000834836038202	25	82555.182316
72040	8040	80	89.8720148848	0.00114059512228	34	78793.96740297425
72040	8040	80	90.481582799	0.00110430679651	33	81935.1860237
72040	8040	80	91.0310411847	0.00110441767068	33	82424.4700182
72040	8040	80	93.9839981393	0.00113678157076	34	82675.511775
72040	8040	80	57.6113711309	0.00070236462758	21	82024.8754973
72040	8040	80	63.0821658038	0.000768485415483	23	82086.3539279
72040	8040	80	96.113942904	0.00117080350572	35	82092.2916906
72040	8040	80	85.0200660097	0.00103765690377	31	81934.6603884
144080	16080	160	137.694375302	0.000861141011841	28	159897.59332
144080	16080	160	152.857985772	0.000953699430857	31	160278.994436
144080	16080	160	210.932777552	0.00132275132275	43	159465.17983
144080	16080	160	142.646595013	0.00089107389768	29	160083.911542
144080	16080	160	138.06558701	0.000861088046253	28	160338.524743
144080	16080	160	123.336765975	0.000768568617806	25	160475.932946
144080	16080	160	186.632033426	0.00116869137321	38	159693.172812
144080	16080	160	176.864128574	0.00110690895674	36	159782.001489
144080	16080	160	208.374595748	0.00129222817057	42	161252.169309
144080	16080	160	178.003210191	0.00110728346457	36	160756.676937
144080	16080	160	161.980352375	0.00101435465527	33	159688.084964
144080	16080	160	192.789224125	0.00119893018537	39	160801.042861
144080	16080	160	198.071415635	0.00122993665826	40	161041.964482
144080	16080	160	172.785962336	0.0010766580534	35	160483.601818
144080	16080	160	182.47387244	0.0011377963652	37	160374.80697
144080	16080	160	158.544952619	0.000983223744853	32	161250.125873
144080	16080	160	138.465124608	0.000860135778576	28	160980.542906
144080	16080	160	177.866622097	0.00110585488726	36	160840.833771
144080	16080	160	152.615022212	0.000953699430857	31	160024.235387
144080	16080	160	147.079911864	0.000922736220472	30	159395.403151
144080	16080	160	197.099431103	0.0012298610257	40	160261.54743
144080	16080	160	121.948388728	0.000769372807287	25	158503.637734
144080	16080	160	103.78998913	0.000645538102118	21	160780.577924
144080	16080	160	158.200175378	0.000983525940497	32	160850.028316
9005	1005	10	9.28685951101	0.000925818770976	8	10030.969129328076
9005	1005	10	11.5962631542	0.00116455106556	10	9957.71117052175
9005	1005	10	8.12328633893	0.000811688311688	7	10007.888769566294
9005	1005	10	10.4427884805	0.00104444702333	9	9998.389815156677
9005	1005	10	11.5962631542	0.00116455106556	10	9957.71117052175
9005	1005	10	10.4446359102	0.00104335729191	9	10010.603262381495
9005	1005	10	10.4337694669	0.00104980753529	9	9938.745071100253
9005	1005	10	8.12328633893	0.000811688311688	7	10007.888769566294
9005	1005	10	9.26991512986	0.000935891436593	8	9904.904316259415
9005	1005	10	8.12137084678	0.000812819321876	7	9991.606533206437
9005	1005	10	10.451211806	0.0010395010395	9	10054.065757354814
9005	1005	10	10.4407368301	0.00104566050889	9	9984.82465516828
9005	1005	10	9.2863115936	0.000926140310257	8	10026.894943194387
9005	1005	10	10.4569750267	0.00103615012664	9	10092.142786871796
9005	1005	10	11.6024142994	0.00116090085907	10	9994.319677484535
9005	1005	10	9.2713693837	0.000935016362786	8	9915.729555868933
9005	1005	10	10.439916479	0.00104614669301	9	9979.400163164002
9005	1005	10	4.64324711145	0.000463016552842	4	10028.252948955167
9005	1005	10	11.6046947699	0.00115955473098	10	10007.888769566294
9005	1005	10	11.6099445144	0.00115647045218	10	10039.1190215936
9005	1005	10	9.28521602437	0.000926784059314	8	10018.74809029534
9005	1005	10	9.27591795639	0.000932292273628	8	9949.581497969299
9005	1005	10	10.4503891988	0.00103998151144	9	10048.62979184799
9005	1005	10	8.11579105236	0.000816136178151	7	9944.162836581949
18010	2010	20	17.3606001259	0.000869448903157	13	19967.361006370033
18010	2010	20	20.0375294608	0.00100240577386	15	19989.439390136227
18010	2010	20	18.7059447833	0.000935016362786	14	20006.007945785725
18010	2010	20	17.3461617108	0.000871372075876	13	19906.722043319805
18010	2010	20	18.7130352081	0.000934080597812	14	20033.640835687514
18010	2010	20	20.0238842434	0.0010042177144	15	19939.783929532678
18010	2010	20	17.3842998934	0.000866320138611	13	20066.83109230937
18010	2010	20	20.0314616838	0.00100321027287	15	19967.361006370033
18010	2010	20	19.9856156906	0.00100935334096	15	19800.415651837382
18010	2010	20	20.0441087383	0.00100153568806	15	20013.374438257593
18010	2010	20	20.0623601199	0.000999134083794	15	20079.747498704615
18010	2010	20	22.7373414693	0.00113235196163	17	20079.747498704615
18010	2010	20	17.3904591864	0.0008655126498	13	20092.668998463636
18010	2010	20	22.7023232416	0.00113697164259	17	19967.361006370033
18010	2010	20	21.3820030917	0.00106809078772	16	20018.90039459324
18010	2010	20	21.3528880932	0.00107195497789	16	19919.575479925177
18010	2010	20	25.4046100843	0.00126658222785	19	20057.60820390375
18010	2010	20	18.7144542029	0.000933893669535	14	20039.170211069762
18010	2010	20	21.3561175737	0.00107152424324	16	19930.59672561459
18010	2010	20	18.6818938871	0.00093821203592	14	19912.230041651866
18010	2010	20	17.3799041637	0.000866897839424	13	20048.387910643894
18010	2010	20	17.3799041637	0.000866897839424	13	20048.387910643894
18010	2010	20	20.0218649572	0.00100448670729	15	19932.43396034356
18010	2010	20	22.6903029332	0.00113857075882	17	19928.759593889834
36020	4020	40	34.4788398978	0.000869792119683	20	39640.322230487596
36020	4020	40	41.4821192597	0.00104089864249	24	39852.21765709252
36020	4020	40	33.013633322	0.000819530710835	19	40283.58289142412
36020	4020	40	50.0663645195	0.00125928177515	29	39757.87270759974
36020	4020	40	24.3197450892	0.000604021054448	14	40263.07511981492
36020	4020	40	38.0866722511	0.000952545895393	22	39984.08101411393
36020	4020	40	29.4807355919	0.000734753857458	17	40123.28114055792
36020	4020	40	31.270853025	0.000776531492666	18	40269.90961770184
36020	4020	40	46.6519729339	0.00117141741507	27	39825.234227878595
36020	4020	40	34.7251127002	0.000863334196668	20	40222.098040694174
36020	4020	40	32.8183319738	0.00082461698711	19	39798.2730003985
36020	4020	40	34.6414759755	0.000865501125151	20	40024.76134211964
36020	4020	40	36.3780764884	0.000908658214703	21	40034.939320148354
36020	4020	40	26.0113323201	0.000648340248963	15	40119.87897059172
36020	4020	40	43.4244930608	0.00107870210563	25	40256.24204711787
36020	4020	40	41.4632868188	0.00104139546993	24	39815.12116777054
36020	4020	40	32.8427240022	0.000823973285919	19	39858.96698770341
36020	4020	40	37.9986066379	0.000954861111111	22	39794.9044062038
36020	4020	40	39.9056157671	0.000993563436866	23	40164.13475623941
36020	4020	40	41.4769805851	0.00104103409387	24	39842.09626705066
36020	4020	40	41.4649977951	0.0010413502842	24	39818.49184102353
36020	4020	40	53.821681566	0.00133822577164	31	40218.685596015224
36020	4020	40	46.7233786919	0.00116953998094	27	39950.219277092125
36020	4020	40	39.5629896279	0.00100261551874	23	39459.78182887375
72040	8040	80	93.6179621809	0.0011374280744	34	82306.7095739
72040	8040	80	96.0171588846	0.00120433560819	36	79726.24759384448
72040	8040	80	69.2020389086	0.000870351153215	26	79510.4810890718
72040	8040	80	90.721111868	0.00110390044825	33	82182.330854
72040	8040	80	101.636983941	0.00123572239663	37	82249.0425178
72040	8040	80	98.8238561195	0.00120136154308	36	82259.879791
72040	8040	80	85.225922946	0.00103485111497	31	82355.733799
72040	8040	80	79.6654478949	0.000968474485707	29	82258.6955781
72040	8040	80	66.4104613974	0.000837380673254	25	79307.37300077757
72040	8040	80	82.6229657032	0.001	30	82622.9657032
72040	8040	80	82.4738156348	0.00100287490807	30	82237.3906966
72040	8040	80	87.5386459969	0.00110582400643	33	79161.4628436086
72040	8040	80	71.6379990783	0.000904704463209	27	79183.86831456701
72040	8040	80	68.6475772603	0.000836484090073	25	82066.8056632
72040	8040	80	71.5890393389	0.00086941982946	26	82341.1623627
72040	8040	80	71.2059408481	0.000867650003337	26	82067.5855174
72040	8040	80	66.5404220275	0.000836876108861	25	79510.4810890718
72040	8040	80	71.3077459946	0.000870438567124	26	81921.6297253
72040	8040	80	93.653876276	0.00113511167496	34	82506.3104734
72040	8040	80	85.0266144009	0.00103554249065	31	82108.2815711
72040	8040	80	82.6840328713	0.00100425133063	30	82334.0037988
72040	8040	80	112.765973123	0.00136881113745	41	82382.4193405
72040	8040	80	101.860420807	0.00123506242072	37	82473.9050418
72040	8040	80	80.2785751775	0.00100260677762	30	80069.85088202775
144080	16080	160	193.224934986	0.00119881962376	39	161179.322691
144080	16080	160	207.047210789	0.00129131437356	42	160338.345974
144080	16080	160	191.913722775	0.0011991513698	39	160041.282201
144080	16080	160	180.904048091	0.00113776137761	37	158999.990376
144080	16080	160	128.738419519	0.000799188516276	26	161086.423162
144080	16080	160	117.374063577	0.000738120867292	24	159017.403217
144080	16080	160	147.070759664	0.000923247368745	30	159297.242151
144080	16080	160	122.624323406	0.000768167153173	25	159632.344211
144080	16080	160	147.07510274	0.000922282341367	30	159468.631397
144080	16080	160	142.703891346	0.000891046518773	29	160153.132681
144080	16080	160	137.350653786	0.000860479409957	28	159621.081221
144080	16080	160	127.21926219	0.000799680127949	26	159087.687369
144080	16080	160	156.990408901	0.000985070032323	32	159369.794786
144080	16080	160	168.52194677	0.00104464313147	34	161320.111809
144080	16080	160	118.913977342	0.000738188976378	24	161088.801305
144080	16080	160	172.144904718	0.00107639316029	35	159927.534909
144080	16080	160	197.355338853	0.00122974759431	40	160484.427672
144080	16080	160	197.816708901	0.00122944521285	40	160899.165603
144080	16080	160	163.03405692	0.00101435465527	33	160726.877993
144080	16080	160	137.312608477	0.000861379437642	28	159410.130398
144080	16080	160	127.926565281	0.000799532580953	26	160001.691399
144080	16080	160	133.799397728	0.000829824507484	27	161238.185328
144080	16080	160	216.646548381	0.0013534713464	44	160067.332757
144080	16080	160	158.456620768	0.000983646870773	32	161090.962088
9005	1005	10	8.11818110696	0.000814711359404	7	9964.487438718037
9005	1005	10	11.5971738715	0.00116400884647	10	9963.132072970113
9005	1005	10	10.4415573578	0.00104517477645	9	9990.250045304438
9005	1005	10	11.5964908152	0.00116441546344	10	9959.066312061615
9005	1005	10	9.27664629522	0.000931857891672	8	9955.001055558669
9005	1005	10	11.6177169352	0.00115194102062	10	10085.340071407973
9005	1005	10	8.12792055814	0.000808967987981	7	10047.270941363646
9005	1005	10	10.4427884805	0.00104444702333	9	9998.389815156677
9005	1005	10	10.4393013314	0.00104651162791	9	9975.332383380988
9005	1005	10	9.28448584152	0.000927213722763	8	10013.317980083231
9005	1005	10	9.2864942229	0.000926033105684	8	10028.252948955167
9005	1005	10	8.12200920671	0.000812441968431	7	9997.033046425762
9005	1005	10	11.5964908152	0.00116441546344	10	9959.066312061615
9005	1005	10	9.28320839988	0.000927966593203	8	10003.81745192423
9005	1005	10	6.95639233059	0.000699545295558	6	9944.162836581949
9005	1005	10	9.28485091329	0.000926998841251	8	10016.032922708753
9005	1005	10	10.4345884959	0.00104931794334	9	9944.162836581949
9005	1005	10	10.4450465717	0.00104311543811	9	10013.317980083231
9005	1005	10	6.961858987	0.000696298015551	6	9998.389815156677
9005	1005	10	8.12169000956	0.000812630601347	7	9994.319677484535
9005	1005	10	10.4481279433	0.0010413051024	9	10033.685534867227
9005	1005	10	10.447922441	0.00104142559593	9	10032.327303949536
9005	1005	10	11.5926222427	0.00116672500292	10	9936.036524231464
9005	1005	10	9.27664629522	0.000931857891672	8	9955.001055558669
18010	2010	20	18.6776586554	0.000938778247167	14	19895.70882340883
18010	2010	20	21.3755234189	0.00106894708712	16	19996.802158395494
18010	2010	20	20.0730284297	0.000997738459492	15	20118.52729415196
18010	2010	20	22.7189522716	0.00113477070957	17	20020.742587144676
18010	2010	20	20.0248941018	0.00100408327197	15	19943.459532452966
18010	2010	20	20.0294402425	0.00100347872625	15	19960.00484964366
18010	2010	20	16.0649339324	0.000797342192691	12	20148.10464017455
18010	2010	20	18.716346668	0.000933644548183	14	20046.54416328091
18010	2010	20	22.694879982	0.00113796104157	17	19943.459532452966
18010	2010	20	20.0654065763	0.000998734935748	15	20090.822757935777
18010	2010	20	21.3841642139	0.00106780565937	16	20026.269786280664
18010	2010	20	18.7120893802	0.000934205258241	14	20029.955103722546
18010	2010	20	20.0410713918	0.00100193707835	15	20002.325320472788
18010	2010	20	20.0279245389	0.00100368016059	15	19954.488815626763
18010	2010	20	18.7191863779	0.000933271115259	14	20057.60820390375
18010	2010	20	22.6731621497	0.00114086302933	17	19873.693481894297
18010	2010	20	16.0061968084	0.000805098960081	12	19881.03028573127
18010	2010	20	25.3661451982	0.00127166856301	19	19947.13554771372
18010	2010	20	18.6800112277	0.000938463601019	14	19904.886249599615
18010	2010	20	20.0527216083	0.00100040016006	15	20044.700519653674
18010	2010	20	17.34354018	0.000871722658084	13	19895.70882340883
18010	2010	20	21.3793025549	0.00106844741235	16	20009.69098501631
18010	2010	20	21.4074352519	0.00106475011646	16	20105.595595604984
18010	2010	20	20.038541261	0.00100227181612	15	19993.120567469763
36020	4020	40	39.836045175	0.00099536936859	23	40021.369385178565
36020	4020	40	29.3395784729	0.000738456192172	17	39730.966824942625
36020	4020	40	31.2630269777	0.000776732545094	18	40249.4103990164
36020	4020	40	39.8674722714	0.000994551586958	23	40085.8766846726
36020	4020	40	38.0929862026	0.000952380952381	22	39997.63551275601
36020	4020	40	36.4811396524	0.000905992493205	21	40266.49219057249
36020	4020	40	37.9454364428	0.000956272276797	22	39680.57776380598
36020	4020	40	43.2212524616	0.00108398733903	25	39872.46982090159
36020	4020	40	44.8926350692	0.00112886418895	26	39767.96811204416
36020	4020	40	43.3630382972	0.00108028692421	25	40140.297290911745
36020	4020	40	39.7225397127	0.000998350551263	23	39788.16825652442
36020	4020	40	36.3328855748	0.00090983926173	21	39933.30152154054
36020	4020	40	52.0205020365	0.00129673654636	30	40116.4771538225
36020	4020	40	31.1308810675	0.000780166435506	18	39902.871554951875
36020	4020	40	39.8294384518	0.000995541704541	23	40007.805067485126
36020	4020	40	41.5663233231	0.00103869124903	24	40017.97777931723
36020	4020	40	36.4022476692	0.00090802957582	21	40089.2753259659
36020	4020	40	41.5147087841	0.00104004160166	24	39916.39249593183
36020	4020	40	46.557912305	0.00117391304348	27	39660.443815399885
36020	4020	40	32.831876363	0.000824259251226	19	39831.97800234158
36020	4020	40	41.5044090258	0.00104031209363	24	39896.113176047846
36020	4020	40	38.1833041472	0.000950036705964	22	40191.39882437494
36020	4020	40	48.5484324657	0.00121039208058	28	40109.67457958176
36020	4020	40	41.5887497493	0.00103810718457	24	40062.09606054038
72040	8040	80	80.0407099406	0.000966312352138	29	82831.0946906
72040	8040	80	74.647341266	0.000936830835118	28	79680.70484850075
72040	8040	80	77.0324459511	0.00093489148581	28	82397.2055798
72040	8040	80	75.1427916025	0.000934953920128	28	80370.58296109532
72040	8040	80	55.0730013481	0.000668382180931	20	82397.4709669
72040	8040	80	96.3764909449	0.00117009895694	35	82366.1027755
72040	8040	80	80.2785751775	0.00100260677762	30	80069.85088202775
72040	8040	80	74.3089173256	0.000900720576461	27	82499.4113242
72040	8040	80	93.2480363363	0.00117127367646	35	79612.50919433383
72040	8040	80	65.8757259943	0.0008010948296	24	82232.1197942
72040	8040	80	69.559412454	0.000868983957219	26	80046.83156250013
72040	8040	80	96.2412074423	0.00116943432791	35	82297.2313583
72040	8040	80	79.4899225286	0.000969478153311	29	81992.4845724
72040	8040	80	71.4526585378	0.000867158056232	26	82398.65619
72040	8040	80	79.6689925488	0.000969769930444	29	82152.467351
72040	8040	80	79.5805872699	0.0010052945513	30	79161.4628436086
72040	8040	80	82.4948572978	0.00100297549397	30	82250.1225545
72040	8040	80	98.1811975712	0.00123973864969	37	79195.07679765901
72040	8040	80	90.5541615697	0.00113792295592	34	79578.46451594672
72040	8040	80	85.3299091966	0.00107059217129	32	79703.46830895076
72040	8040	80	87.9195771171	0.00110434375209	33	79612.50919433383
72040	8040	80	82.430025827	0.00100093420526	30	82353.0911362
72040	8040	80	85.0081849452	0.00103713616594	31	81964.3434842
72040	8040	80	68.8806946186	0.000871605766007	26	79027.35078737042
144080	16080	160	192.069144705	0.00119870908253	39	160229.990333
144080	16080	160	180.979147095	0.00113804133858	37	159026.865685
144080	16080	160	187.364668905	0.00116876326393	38	160310.196845
144080	16080	160	143.489444647	0.000891101278269	29	161024.844365
144080	16080	160	183.520446834	0.00113716691766	37	161383.912936
144080	16080	160	191.888430238	0.00119988924099	39	159921.785847
144080	16080	160	133.10713374	0.000829926536133	27	160384.236369
144080	16080	160	158.187115027	0.000983163328008	32	160896.069372
144080	16080	160	157.638179716	0.000984645681406	32	160096.350081
144080	16080	160	166.111307706	0.00104605728702	34	158797.52454
144080	16080	160	187.450746794	0.00116905091524	38	160344.382224
144080	16080	160	138.121464274	0.000860347211553	28	160541.537671
144080	16080	160	168.066068863	0.00104538187185	34	160770.024227
144080	16080	160	148.93438167	0.000922253988749	30	161489.550045
144080	16080	160	152.599869507	0.000953171601636	31	160096.953419
144080	16080	160	166.935058187	0.0010462826194	34	159550.636789
144080	16080	160	162.983103066	0.0010148537688	33	160597.623103
144080	16080	160	200.602486189	0.00126025881413	41	159175.626419
144080	16080	160	183.003622061	0.00113874184415	37	160706.856433
144080	16080	160	151.76329921	0.000953758114636	31	159121.371427
144080	16080	160	162.685810204	0.0010145105755	33	160358.910131
144080	16080	160	107.757591382	0.000676839773566	22	159206.943195
144080	16080	160	186.366110062	0.00116854761832	38	159485.250871
144080	16080	160	118.178098684	0.000737961994957	24	160141.171891
9050	1050	100	97.3761162332	0.0098016336056	84	9934.682334748883
9050	1050	100	98.6147083789	0.0098710951109	85	9990.250045304438
9050	1050	100	95.1173707042	0.00953266682167	82	9978.044180461195
9050	1050	100	100.929105473	0.0101068773234	87	9986.180918490838
9050	1050	100	99.7807629747	0.00998374738797	86	9994.319677484535
9050	1050	100	94.029452549	0.00937391505613	81	10030.969129328076
9050	1050	100	104.393013314	0.0104651162791	90	9975.332383380988
9050	1050	100	95.1080305801	0.00953821100384	82	9971.265108504542
9050	1050	100	98.6205215447	0.00986765730207	85	9994.319677484535
9050	1050	100	102.081188491	0.0102278010228	88	9980.756201981467
9050	1050	100	105.577821008	0.0105666511844	91	9991.606533206437
9050	1050	100	98.6457227791	0.00985278775936	85	10011.96059311922
9050	1050	100	105.792083003	0.0104417670683	91	10131.62641063722
9050	1050	100	95.0818915888	0.00955376907841	82	9952.291164720202
9050	1050	100	102.133360046	0.0101969872538	88	10016.032922708753
9050	1050	100	103.184461252	0.0103777985075	89	9942.80831123194
9050	1050	100	104.440200008	0.0104372028296	90	10006.531607479497
9050	1050	100	100.978709717	0.0100776091741	87	10020.105758460684
9050	1050	100	103.29396641	0.0103128621089	89	10016.032922708753
9050	1050	100	102.095227498	0.0102194867031	88	9990.250045304438
9050	1050	100	99.9025281282	0.00991240202858	86	10078.53876791109
9050	1050	100	98.6108334564	0.00987338831455	85	9987.537237951283
9050	1050	100	100.875607776	0.0101386784757	87	9949.581497969299
9050	1050	100	99.747446706	0.0100034895894	86	9971.265108504542
18100	2100	200	208.648545247	0.0103909944715	156	20079.747498704615
18100	2100	200	185.671731657	0.00929020184467	139	19985.758626301973
18100	2100	200	191.44531512	0.0095010298319	143	20149.954111037187
18100	2100	200	184.247611096	0.00923509335475	138	19950.81197540747
18100	2100	200	196.392580468	0.00982029527691	147	19998.643108984477
18100	2100	200	211.12594553	0.0105502136752	158	20011.5326598798
18100	2100	200	196.546486589	0.0098	147	20055.763937686857
18100	2100	200	198.633610733	0.0100114224283	149	19840.698178144223
18100	2100	200	190.903990437	0.00957226052614	143	19943.459532452966
18100	2100	200	208.796516143	0.0103716508211	156	20131.464098132634
18100	2100	200	216.241593029	0.0108477300121	162	19934.2712980883
18100	2100	200	212.38708873	0.0106269215346	159	19985.758626301973
18100	2100	200	205.952720037	0.0102605103605	154	20072.366071630542
18100	2100	200	189.655098654	0.00949388246306	142	19976.558525166205
18100	2100	200	209.135850102	0.0103277060576	156	20249.98087045075
18100	2100	200	196.471973427	0.00980980980981	147	20028.112393192045
18100	2100	200	204.393120862	0.0102231725244	153	19993.120567469763
18100	2100	200	205.671908927	0.0102975593447	154	19972.87920784817
18100	2100	200	216.503721205	0.0108129755707	162	20022.584883268624
18100	2100	200	193.803782867	0.0096756973175	145	20029.955103722546
18100	2100	200	206.970882506	0.0103692801713	155	19960.00484964366
18100	2100	200	184.089803817	0.00925615400094	138	19888.368732657415
18100	2100	200	208.537760992	0.0104055496265	156	20041.01354355977
18100	2100	200	199.281068207	0.00992539301892	149	20077.901986046076
36200	4200	400	367.687978882	0.00916162489196	212	40133.48977037204
36200	4200	400	394.673228985	0.00978490452175	227	40334.90854280943
36200	4200	400	415.818454272	0.0103828682674	240	40048.514877048896
36200	4200	400	402.744171114	0.0100164061825	232	40208.450393683066
36200	4200	400	396.365526902	0.00991728379022	229	39967.14577160559
36200	4200	400	407.302383506	0.0102515094913	236	39730.966824942625
36200	4200	400	426.444045428	0.010636457973	246	40092.67431979707
36200	4200	400	410.365351365	0.0102597402597	237	39997.63551275601
36200	4200	400	399.659092496	0.0100974930362	232	39580.03150510727
36200	4200	400	428.159770204	0.0106801573918	247	40089.2753259659
36200	4200	400	378.087373441	0.00950974857788	219	39757.87270759974
36200	4200	400	434.063908753	0.0107916774583	250	40222.098040694174
36200	4200	400	368.199431186	0.009236773634	213	39862.342174398465
36200	4200	400	389.931431164	0.00982010949857	226	39707.44228672903
36200	4200	400	400.774505229	0.00997926386729	231	40160.72834218156
36200	4200	400	418.329870174	0.0104943625325	242	39862.342174398465
36200	4200	400	407.118023305	0.0102564102564	236	39694.007272190676
36200	4200	400	387.411123587	0.00962036238136	223	40269.90961770184
36200	4200	400	379.387108748	0.00947559709242	219	40038.332682135544
36200	4200	400	420.314029367	0.0104427375507	242	40249.4103990164
36200	4200	400	417.118497416	0.010437418796	241	39963.75977315257
36200	4200	400	431.716331561	0.0107643091821	249	40106.27382196364
36200	4200	400	425.385019201	0.0106641234611	246	39889.35619076769
36200	4200	400	387.150457448	0.00971547536433	224	39848.84351303353
72400	8400	800	827.164094811	0.0100756510678	301	82095.3493966
72400	8400	800	798.673519871	0.00972593582888	291	82117.9096719
72400	8400	800	790.762972829	0.00960928897935	288	82291.5175648
72400	8400	800	793.926529507	0.00965554107781	289	82224.9652411
72400	8400	800	833.329024618	0.0101121345615	303	82408.8148306
72400	8400	800	809.481035114	0.00988016956507	296	81929.8727398
72400	8400	800	780.902427071	0.009847926576	294	79296.12604683156
72400	8400	800	790.907176153	0.00960928897935	288	82306.5242239
72400	8400	800	770.61429599	0.00937479148595	281	82200.6865053
72400	8400	800	833.197039866	0.0100774159103	302	82679.6320884
72400	8400	800	850.330646585	0.0103299568749	309	82316.9599719
72400	8400	800	819.529908474	0.00997531193701	299	82155.8176475
72400	8400	800	803.519943011	0.00978623914496	293	82107.1231868
72400	8400	800	860.013910471	0.0104549402098	313	82259.0940948
72400	8400	800	766.323988478	0.00931677018634	279	82252.1080966
72400	8400	800	824.193346511	0.0100604966744	301	81923.7233696
72400	8400	800	773.697478883	0.00938637806059	281	82427.691905
72400	8400	800	834.418692779	0.0101849370142	304	81926.7405989
72400	8400	800	834.156512234	0.0101512672388	304	82172.6482627
72400	8400	800	812.941761646	0.00989271748939	296	82175.778548
72400	8400	800	773.952892886	0.00942954591052	282	82077.4298392
72400	8400	800	834.463390602	0.0101472011749	304	82235.8181547
72400	8400	800	753.107789315	0.00938669160877	281	80231.44050149193
72400	8400	800	818.186478472	0.0102727120629	307	79646.58928060916
144800	16800	1600	1508.63342477	0.00947546531303	308	159214.706078
144800	16800	1600	1717.56001768	0.0107688994185	350	159492.623241
144800	16800	1600	1523.42827673	0.00966480962787	314	157626.309817
144800	16800	1600	1553.89466578	0.00971381144139	316	159967.554976
144800	16800	1600	1415.33485922	0.00888601912493	289	159276.593864
144800	16800	1600	1739.73305021	0.0108277707712	352	160673.243549
144800	16800	1600	1680.32029987	0.0105127259314	342	159836.783612
144800	16800	1600	1559.9520048	0.00971142321522	316	160630.627482
144800	16800	1600	1600.26197515	0.0100190546438	326	159721.853213
144800	16800	1600	1448.76112759	0.00907664379558	295	159614.187823
144800	16800	1600	1732.46072911	0.0108518552676	353	159646.501578
144800	16800	1600	1647.14755665	0.0102065912445	332	161380.770249
144800	16800	1600	1594.82772664	0.00996493818048	324	160043.915753
144800	16800	1600	1482.24483247	0.00940901543571	306	157534.530855
144800	16800	1600	1578.63373933	0.00984463928626	320	160354.655302
144800	16800	1600	1600.4597883	0.00993082244427	323	161160.8502
144800	16800	1600	1411.39596817	0.00875979714154	285	161121.992366
144800	16800	1600	1642.41714978	0.0102633438835	334	160027.488938
144800	16800	1600	1623.40325815	0.0100510235446	327	161516.212846
144800	16800	1600	1568.52026648	0.00974455135102	317	160963.825832
144800	16800	1600	1450.30529193	0.00903781125115	294	160470.854239
144800	16800	1600	1542.95365824	0.00955599938547	311	161464.394879
144800	16800	1600	1808.43689125	0.0111865761087	364	161661.340671
144800	16800	1600	1608.4283281	0.0100190546438	326	160536.935398
9050	1050	100	99.8474870409	0.00994449583719	86	10040.47753406244
9050	1050	100	92.8777290349	0.00925283368031	80	10037.760565444325
9050	1050	100	96.2792297504	0.00964779728002	83	9979.400163164002
9050	1050	100	88.0883745991	0.00887643074048	76	9923.850833121462
9050	1050	100	103.371216657	0.0102676511306	89	10067.659617744757
9050	1050	100	96.3511674267	0.00960536974887	83	10030.969129328076
9050	1050	100	92.8029033996	0.00929692039512	80	9982.112296918242
9050	1050	100	105.5156378	0.010603588907	91	9950.936303336122
9050	1050	100	99.816072262	0.00996292863763	86	10018.74809029534
9050	1050	100	97.6426791117	0.00964519462625	84	10123.453480764452
9050	1050	100	97.3990502774	0.00978792822186	84	9950.936303336122
9050	1050	100	103.300059366	0.0103092783505	89	10020.105758460684
9050	1050	100	95.1211074573	0.00953045095305	82	9980.756201981467
9050	1050	100	93.8781382608	0.00946372239748	81	9919.789942896292
9050	1050	100	88.1350605115	0.00884852718594	76	9960.421509646541
9050	1050	100	98.5372890631	0.00991716252479	85	9936.036524231464
9050	1050	100	96.2603232194	0.00965902478762	83	9965.842860529567
9050	1050	100	102.121313975	0.0102040816327	88	10007.888769566294
9050	1050	100	98.6050218543	0.00987683011852	85	9983.468447978961
9050	1050	100	93.9407973587	0.00942627720237	81	9965.842860529567
9050	1050	100	98.5624320807	0.00990214352283	85	9953.646082126175
9050	1050	100	101.97506442	0.0102911940124	88	9908.963362035398
9050	1050	100	106.763191883	0.010667903525	92	10007.888769566294
9050	1050	100	99.7611614796	0.00999535099954	86	9980.756201981467
18100	2100	200	188.376556775	0.00941946689826	141	19998.643108984477
18100	2100	200	200.664223517	0.0099860195726	150	20094.515343019695
18100	2100	200	192.263226012	0.00963597430407	144	19952.650343945636
18100	2100	200	211.030013205	0.0105629094799	158	19978.398338759795
18100	2100	200	201.818149574	0.0100767434101	151	20028.112393192045
18100	2100	200	190.53911179	0.00962120702415	143	19804.075654075074
18100	2100	200	208.664385124	0.0103889184869	156	20085.284660404217
18100	2100	200	189.870834922	0.00946540461272	142	20059.452573926468
18100	2100	200	201.558521897	0.010111155752	151	19934.2712980883
18100	2100	200	213.895697155	0.0106709350407	160	20044.700519653674
18100	2100	200	190.750117424	0.00959280874757	143	19884.699303762198
18100	2100	200	206.731094281	0.0104012884177	155	19875.527528854167
18100	2100	200	189.99579844	0.00944902848017	142	20107.44266868684
18100	2100	200	189.597685635	0.00950150552024	142	19954.488815626763
18100	2100	200	205.703056848	0.0102934295836	154	19983.91839941805
18100	2100	200	190.928064721	0.00956905781585	143	19952.650343945636
18100	2100	200	204.501573459	0.010208847668	153	20031.79791788382
18100	2100	200	202.867775282	0.0101815258892	152	19925.08563940678
18100	2100	200	181.802150609	0.00907150480256	136	20041.01354355977
18100	2100	200	208.527218761	0.0104069379586	156	20037.326982268827
18100	2100	200	203.257442096	0.0101299566811	152	20064.98630694646
18100	2100	200	197.504260127	0.00991691235594	148	19915.902554964763
18100	2100	200	196.765519208	0.00977133741026	147	20137.01000658287
18100	2100	200	200.593149679	0.0099953355101	150	20068.67598153655
36200	4200	400	375.222494206	0.00940737850609	217	39885.97822055698
36200	4200	400	377.70176263	0.00943110534285	218	40048.514877048896
36200	4200	400	369.008251731	0.00921559295634	213	40041.726395566155
36200	4200	400	413.143962692	0.0103642671292	239	39862.342174398465
36200	4200	400	400.87461192	0.00997667789583	231	40181.172140286726
36200	4200	400	395.335347942	0.00994441549418	229	39754.50826383684
36200	4200	400	394.340800456	0.00988167988558	228	39906.2512671925
36200	4200	400	439.182370243	0.011011878956	254	39882.600598536774
36200	4200	400	401.458337721	0.0100498158978	232	39946.83502715367
36200	4200	400	405.793654618	0.0101136707438	234	40123.28114055792
36200	4200	400	400.275099694	0.00999221385933	231	40058.70023691954
36200	4200	400	417.77648353	0.0104202698028	241	40092.67431979707
36200	4200	400	384.887722045	0.00959750983529	222	40102.873417249335
36200	4200	400	400.907997574	0.00997581620314	231	40187.98957503513
36200	4200	400	411.647023632	0.0102265372168	237	40252.82604502981
36200	4200	400	443.153646051	0.0110851303369	256	39977.30586677251
36200	4200	400	404.986657045	0.010046567782	233	40310.94656733579
36200	4200	400	380.378457898	0.00953826143507	220	39879.223324635306
36200	4200	400	377.295359684	0.00953085560101	219	39586.72499915567
36200	4200	400	411.347361038	0.0103226925746	238	39848.84351303353
36200	4200	400	405.322080322	0.0101259249643	234	40028.15365021315
36200	4200	400	388.975199807	0.00975630907987	225	39869.093590925906
36200	4200	400	368.393400919	0.0091434486328	212	40290.42166844988
36200	4200	400	399.579072047	0.010010400416	231	39916.39249593183
72400	8400	800	802.570637302	0.0097564235357	292	82260.7417939
72400	8400	800	864.913618995	0.0105101598212	315	82293.0986505
72400	8400	800	825.051103156	0.0103337569393	309	79840.38215716249
72400	8400	800	822.462965893	0.00994194968973	298	82726.5266433
72400	8400	800	754.024187727	0.00919424941491	275	82010.4125633
72400	8400	800	819.035102659	0.0099973251304	299	81925.4242485
72400	8400	800	801.485800692	0.00974502736617	292	82245.6182601
72400	8400	800	842.98099651	0.0102565815849	307	82189.2742265
72400	8400	800	798.708285928	0.009695429775	290	82379.8742772
72400	8400	800	791.009352634	0.00961025093433	288	82308.917638
72400	8400	800	864.129022239	0.01041180004	312	82995.1611552
72400	8400	800	789.481665924	0.00962888665998	288	81990.9605132
72400	8400	800	796.390675272	0.00968798022316	290	82203.9947365
72400	8400	800	835.816496914	0.0101955540699	305	81978.5262465
72400	8400	800	883.212998685	0.0107368632304	321	82259.8723417
72400	8400	800	805.396283765	0.00979147172838	293	82254.8750696
72400	8400	800	813.699583102	0.0103341833311	308	78738.64407394557
72400	8400	800	853.787678484	0.0103971650174	311	82117.3538226
72400	8400	800	832.345337559	0.0101070950469	302	82352.5784313
72400	8400	800	865.39945797	0.0104855406398	314	82532.6502177
72400	8400	800	816.498007178	0.00992282249173	297	82284.8547234
72400	8400	800	823.022127476	0.00996733115541	299	82571.9658194
72400	8400	800	851.802286035	0.0103609625668	310	82212.6593489
72400	8400	800	832.22122934	0.0103936902613	311	80069.85088202775
144800	16800	1600	1564.75341955	0.00984221695937	320	158983.837281
144800	16800	1600	1665.02767739	0.0104634701791	340	159127.674556
144800	16800	1600	1650.42799589	0.010337189269	336	159659.26065
144800	16800	1600	1663.9917497	0.0102985028744	335	161576.082466
144800	16800	1600	1707.50264651	0.010608529873	345	160955.633528
144800	16800	1600	1625.1281688	0.0101221425715	329	160551.795959
144800	16800	1600	1679.13870385	0.0104810204395	341	160207.559325
144800	16800	1600	1612.87754026	0.0100823804254	328	159969.91506
144800	16800	1600	1622.38743939	0.0101802300547	331	159366.48098
144800	16800	1600	1609.64616392	0.0100544230237	327	160093.340028
144800	16800	1600	1775.94494498	0.0111319536271	362	159535.783607
144800	16800	1600	1626.62704943	0.0101202743856	329	160729.540273
144800	16800	1600	1684.60302022	0.0105512489233	343	159659.110733
144800	16800	1600	1623.99752799	0.010145105755	330	160076.944213
144800	16800	1600	1622.36811878	0.010148537688	330	159862.254904
144800	16800	1600	1704.76884465	0.010671669332	347	159747.157788
144800	16800	1600	1594.10188684	0.00999723153588	325	159454.333044
144800	16800	1600	1566.65138418	0.00980693556321	319	159749.329858
144800	16800	1600	1688.50508856	0.0105166051661	342	160556.097895
144800	16800	1600	1616.3024317	0.0100433059983	327	160933.305424
144800	16800	1600	1581.60641871	0.00997352705781	324	158580.450983
144800	16800	1600	1541.46099641	0.00953142294921	310	161724.120798
144800	16800	1600	1750.1590344	0.0109170305677	355	160314.567551
144800	16800	1600	1588.40335045	0.00996126175982	324	159458.047459
9050	1050	100	4.02498688188	0.00985221674877	4	408.53616851112
9050	1050	100	7.04600865024	0.016393442623	7	429.8065276648605
9050	1050	100	2.0133006231	0.00462962962963	2	434.87293458931686
9050	1050	100	6.03701493788	0.0149625935162	6	403.47383168138686
9050	1050	100	2.0120901737	0.00508905852417	2	395.375719132063
9050	1050	100	4.02585594023	0.00952380952381	4	422.71487372384166
9050	1050	100	6.03766650362	0.0147058823529	6	410.561322246201
9050	1050	100	9.0551036293	0.0226130653266	9	400.4368049402566
9050	1050	100	4.02604223219	0.00945626477541	4	425.75396605440596
9050	1050	100	4.02598013231	0.00947867298578	4	424.7409039591338
9050	1050	100	5.03169909266	0.0121359223301	5	414.61200523547285
9050	1050	100	5.03131117609	0.012285012285	5	409.5487297336408
9050	1050	100	5.02976030774	0.0129198966408	5	389.30344781936003
9050	1050	100	4.02622854717	0.0093896713615	4	428.7933402739641
9050	1050	100	8.05258131456	0.0187353629977	8	429.8065276648605
9050	1050	100	3.01827482434	0.00757575757576	3	398.41227681258124
9050	1050	100	7.04503057714	0.0167464114833	7	420.6889687493175
9050	1050	100	7.04753081806	0.015873015873	7	443.99444153778325
9050	1050	100	5.03131117609	0.012285012285	5	409.5487297336408
9050	1050	100	7.04470463331	0.0168674698795	7	417.6503461175857
9050	1050	100	5.03131117609	0.012285012285	5	409.5487297336408
9050	1050	100	3.01878670565	0.00737100737101	3	409.5487297336408
9050	1050	100	5.03371754667	0.0114155251142	5	440.95365708844037
9050	1050	100	3.01860054018	0.00744416873449	3	405.49867256444077
18100	2100	200	4.03763747308	0.00656814449918	4	614.7303052766401
18100	2100	200	6.05158022574	0.0107719928187	6	561.7883642899477
18100	2100	200	6.05186124757	0.0107142857143	6	564.8403831064795
18100	2100	200	7.06334793591	0.0119453924915	7	591.3031272065951
18100	2100	200	0.0	0.0	0	600.4682892584214
18100	2100	200	5.04579565795	0.00843170320405	5	598.4313650332379
18100	2100	200	4.0346366195	0.00713012477718	4	565.857785885419
18100	2100	200	6.05608076139	0.0099173553719	6	610.6548101064345
18100	2100	200	7.06269155368	0.0120689655172	7	585.1944430192617
18100	2100	200	4.03601127111	0.00686106346484	4	588.2486427635985
18100	2100	200	6.05495478954	0.0101180438449	6	598.4313650332379
18100	2100	200	4.03613630146	0.00683760683761	4	590.2849340891366
18100	2100	200	3.02855669682	0.00487012987013	3	621.8636417480338
18100	2100	200	4.03644892262	0.00677966101695	4	595.376216086917
18100	2100	200	3.02644597958	0.00525394045534	3	576.0335514476002
18100	2100	200	7.06378561459	0.0118644067797	7	595.376216086917
18100	2100	200	2.01747446526	0.00353356890459	2	570.9452736690837
18100	2100	200	3.02752429959	0.00505050505051	3	599.44981131842
18100	2100	200	9.07554430061	0.0165441176471	9	548.5662332810289
18100	2100	200	5.04517037683	0.00854700854701	5	590.2849340891366
18100	2100	200	6.05439201325	0.0102214650767	6	592.321351963138
18100	2100	200	10.0869038404	0.0177619893428	10	567.892686215203
18100	2100	200	7.0643328148	0.0117647058824	7	600.4682892584214
18100	2100	200	10.0928422922	0.0166389351082	10	606.5798217598206
36200	4200	400	4.05007930601	0.00495662949195	4	817.1034999873061
36200	4200	400	10.1304072955	0.0119047619048	10	850.9542128225436
36200	4200	400	7.09117453861	0.00834326579261	7	849.9279196987625
36200	4200	400	3.03855368224	0.0036231884058	3	838.6408162976139
36200	4200	400	9.11665582931	0.0107784431138	9	845.8230686082385
36200	4200	400	16.2078935221	0.0191158900836	16	847.8754298766056
36200	4200	400	10.125198265	0.0123915737299	10	817.1034999873061
36200	4200	400	8.10445220538	0.00951248513674	8	851.9805380908158
36200	4200	400	9.11381436267	0.0110429447853	9	825.306522842047
36200	4200	400	7.08984807891	0.00846432889964	7	837.6149087506851
36200	4200	400	8.09990623697	0.00993788819876	8	815.0530650952035
36200	4200	400	11.139974398	0.0134146341463	11	830.4344551227435
36200	4200	400	10.1263026127	0.012285012285	10	824.2810326765632
36200	4200	400	14.1799171838	0.0169082125604	14	838.6408162976139
36200	4200	400	2.02560773336	0.00242424242424	2	835.5631900097962
36200	4200	400	6.07739156439	0.0072202166065	6	841.7187316684796
36200	4200	400	11.1398007926	0.013431013431	11	829.4088044661321
36200	4200	400	8.10104209019	0.00982800982801	8	824.2810326765632
36200	4200	400	7.09316547228	0.00816802800467	7	868.406115677147
36200	4200	400	8.10243093343	0.00969696969697	8	835.5631900097962
36200	4200	400	6.07625497777	0.00732600732601	6	829.4088044661321
36200	4200	400	8.11052411605	0.00899887514061	8	901.2819923963056
36200	4200	400	9.11537687639	0.0108958837772	9	836.589033322086
36200	4200	400	6.07578156764	0.00737100737101	6	824.2810326765632
72400	8400	800	10.1859387809	0.00841042893188	10	1211.1081210530695
72400	8400	800	14.2596411445	0.0118043844857	14	1207.9953140970665
72400	8400	800	12.2171678727	0.0103626943005	12	1178.956699714068
72400	8400	800	6.10906421103	0.00515907136715	6	1184.1402795714337
72400	8400	800	10.1854579603	0.00843170320405	10	1207.9953140970665
72400	8400	800	11.1971340936	0.00959023539669	11	1167.5557095783397
72400	8400	800	10.1819337968	0.0085910652921	10	1185.17709394922
72400	8400	800	11.1946708076	0.00970873786408	11	1153.051093178612
72400	8400	800	13.2392206216	0.0110450297366	13	1198.658667048635
72400	8400	800	14.2466436175	0.0124113475177	14	1147.8724286083702
72400	8400	800	11.1937914137	0.00975177304965	11	1147.8724286083702
72400	8400	800	14.2491062307	0.0122914837577	14	1159.266571194211
72400	8400	800	10.1795328272	0.00870322019147	10	1169.6283218497429
72400	8400	800	16.2900694243	0.0137931034483	16	1181.0300332590048
72400	8400	800	10.1848169607	0.00846023688663	10	1203.8453647500814
72400	8400	800	18.3274808343	0.0154639175258	18	1185.17709394922
72400	8400	800	8.14375427581	0.00695652173913	8	1170.6646771481492
72400	8400	800	16.291862676	0.0137103684662	16	1188.2877339325685
72400	8400	800	16.290581728	0.013769363167	16	1183.1034979985177
72400	8400	800	9.15826885194	0.00799289520426	9	1145.801191921105
72400	8400	800	10.1795328272	0.00870322019147	10	1169.6283218497429
72400	8400	800	8.14695637665	0.0068085106383	8	1196.5842178202938
72400	8400	800	10.1748952435	0.00892857142857	10	1139.58826726985
72400	8400	800	14.2589680807	0.0118343195266	14	1204.882802815102
144800	16800	1600	14.355174126	0.00870646766169	14	1648.7942853261764
144800	16800	1600	20.514247112	0.012277470841	20	1670.8854272726874
144800	16800	1600	11.2796038248	0.00682805710739	11	1651.9492510682994
144800	16800	1600	19.4848124836	0.0117501546073	19	1658.260093997222
144800	16800	1600	11.2918269606	0.00655151876117	11	1723.5434060792636
144800	16800	1600	13.3325625992	0.00801974090068	13	1662.4679979485572
144800	16800	1600	15.3780969291	0.00938673341677	15	1638.2799261793293
144800	16800	1600	19.4820220281	0.011815920398	19	1648.7942853261764
144800	16800	1600	27.7008493403	0.0164233576642	27	1686.6739376081746
144800	16800	1600	14.3711870292	0.00834326579261	14	1722.4894167901857
144800	16800	1600	25.6595617174	0.0149700598802	25	1714.0587227191097
144800	16800	1600	17.4487800686	0.0101735487732	17	1715.1124408637418
144800	16800	1600	24.6194483458	0.0146788990826	24	1677.1999185563652
144800	16800	1600	24.6022156881	0.0150848522942	24	1630.9218816554903
144800	16800	1600	14.3645473105	0.00848999393572	14	1691.9384653575598
144800	16800	1600	18.4604712912	0.0111042566317	18	1662.4679979485572
144800	16800	1600	15.3820122733	0.0092936802974	15	1655.1045206058104
144800	16800	1600	16.4113976896	0.00982197667281	16	1670.8854272726874
144800	16800	1600	15.3859302882	0.00920245398773	15	1671.9377579887787
144800	16800	1600	16.4103526629	0.00984615384615	16	1666.6764423274335
144800	16800	1600	16.4116589741	0.00981595092025	16	1671.9377579887787
144800	16800	1600	13.3242930189	0.00821744627054	13	1621.4639658385022
144800	16800	1600	15.3847056215	0.00923076923077	15	1666.6764423274335
144800	16800	1600	20.5145737177	0.0122699386503	20	1671.9377579887787
9050	1050	100	102.115292399	0.0102076325252	88	10003.81745192423
9050	1050	100	103.220927638	0.0103560623691	89	9967.198338409346
9050	1050	100	97.379937547	0.00979934671022	84	9937.390769680374
9050	1050	100	95.1903099878	0.0094896424025	82	10030.969129328076
9050	1050	100	103.308184837	0.0103045038787	89	10025.53699371118
9050	1050	100	103.210794546	0.0103620910467	89	9960.421509646541
9050	1050	100	99.7533238338	0.01	86	9975.332383380988
9050	1050	100	102.097233502	0.0102183000464	88	9991.606533206437
9050	1050	100	97.4890179112	0.00973461583034	84	10014.675423278188
9050	1050	100	98.667060682	0.00984024079648	85	10026.894943194387
9050	1050	100	100.871648072	0.0101410420795	87	9946.872055268897
9050	1050	100	102.151436452	0.0101863641625	88	10028.252948955167
9050	1050	100	98.667060682	0.00984024079648	85	10026.894943194387
9050	1050	100	99.7768418318	0.00998606595448	86	9991.606533206437
9050	1050	100	102.041106154	0.0102516309413	88	9953.646082126175
9050	1050	100	95.1173707042	0.00953266682167	82	9978.044180461195
9050	1050	100	96.2773386397	0.00964891885608	83	9978.044180461195
9050	1050	100	98.5817848225	0.00989062136374	85	9967.198338409346
9050	1050	100	93.9943324785	0.00939457202505	81	10005.174501600359
9050	1050	100	96.2641037122	0.00965677719604	83	9968.553872362005
9050	1050	100	97.4507060039	0.00975723080497	84	9987.537237951283
9050	1050	100	92.7246048411	0.00934361130577	80	9923.850833121462
9050	1050	100	100.913246204	0.0101162790698	87	9975.332383380988
9050	1050	100	98.5701719289	0.00989753143922	85	9959.066312061615
18100	2100	200	207.038790984	0.0103602700354	155	19983.91839941805
18100	2100	200	195.293405206	0.00972231471	146	20087.13058891779
18100	2100	200	201.411309839	0.010130828581	151	19881.03028573127
18100	2100	200	194.95321836	0.00976719293551	146	19960.00484964366
18100	2100	200	193.759717804	0.0096815116512	145	20013.374438257593
18100	2100	200	193.715680984	0.00968733297702	145	19996.802158395494
18100	2100	200	185.554660655	0.00930575082011	139	19939.783929532678
18100	2100	200	211.270074888	0.0105312270879	158	20061.2970477667
18100	2100	200	208.379785169	0.0104264135811	156	19985.758626301973
18100	2100	200	199.029410194	0.00995856168961	149	19985.758626301973
18100	2100	200	212.499762263	0.0106120269639	159	20024.427282976736
18100	2100	200	208.054368313	0.0104697986577	156	19871.85953758152
18100	2100	200	200.811674155	0.00996677740864	150	20148.10464017455
18100	2100	200	198.023789923	0.00984828320468	148	20107.44266868684
18100	2100	200	191.943915454	0.0096787202581	144	19831.53870918172
18100	2100	200	204.677507988	0.0101857399641	153	20094.515343019695
18100	2100	200	200.137935497	0.0100556412147	150	19903.05055872213
18100	2100	200	208.406091037	0.010422930447	156	19994.961311227795
18100	2100	200	204.599837207	0.0101959216313	153	20066.83109230937
18100	2100	200	207.332039774	0.0103216354798	155	20087.13058891779
18100	2100	200	200.648987429	0.00998801438274	150	20088.976621424405
18100	2100	200	196.174715444	0.00984924623116	147	19917.738965983262
18100	2100	200	196.447153405	0.00981308411215	147	20018.90039459324
18100	2100	200	197.913568017	0.00986272157804	148	20066.83109230937
36200	4200	400	402.677068633	0.0100181362812	232	40194.80842845688
36200	4200	400	431.907503699	0.0106717156504	248	40472.171284102886
36200	4200	400	404.801901544	0.0101395268221	234	39923.1550591588
36200	4200	400	392.263006513	0.00975904654979	226	40194.80842845688
36200	4200	400	393.376588996	0.00981833910035	227	40065.492236114755
36200	4200	400	405.945583636	0.0101097381837	234	40153.91657622833
36200	4200	400	407.017568998	0.0102590853765	236	39673.86507301123
36200	4200	400	400.408091073	0.00998875724293	231	40085.8766846726
36200	4200	400	388.830638621	0.00976011798898	225	39838.72316498376
36200	4200	400	365.119436462	0.00914013428633	211	39946.83502715367
36200	4200	400	412.627377688	0.0102892222558	238	40102.873417249335
36200	4200	400	401.043511902	0.0100607111882	232	39862.342174398465
36200	4200	400	414.223422877	0.010336029062	239	40075.68287528879
36200	4200	400	418.537401018	0.0104889042996	242	39902.871554951875
36200	4200	400	377.86945976	0.00951553334782	219	39710.80190122933
36200	4200	400	424.94010076	0.0105872693488	245	40136.89335385991
36200	4200	400	417.759128013	0.0104207203701	241	40089.2753259659
36200	4200	400	372.509237775	0.00939007955484	216	39670.5092432167
36200	4200	400	436.77254263	0.0108977685522	252	40079.08045940713
36200	4200	400	432.498557825	0.0108323584211	250	39926.53686420851
36200	4200	400	418.554709256	0.0104884497031	242	39906.2512671925
36200	4200	400	397.60266567	0.00997354841507	230	39865.71770878209
36200	4200	400	416.963115406	0.0104414886703	241	39933.30152154054
36200	4200	400	388.937472626	0.00966892562697	224	40225.51084078058
72400	8400	800	854.986313182	0.010410390306	311	82128.1708039
72400	8400	800	807.191094642	0.00979474493548	293	82410.629369
72400	8400	800	794.501502073	0.00969121775164	290	81981.5963725
72400	8400	800	783.615876864	0.0095521191677	286	82035.8145776
72400	8400	800	830.955817965	0.0101090981884	303	82198.807696
72400	8400	800	766.762661976	0.00928927055836	278	82542.8280035
72400	8400	800	719.98279668	0.0087569771717	262	82218.1881445
72400	8400	800	899.242784846	0.0108153078203	325	83145.3713373
72400	8400	800	773.304169712	0.00938199058462	281	82424.3173916
72400	8400	800	889.718407737	0.0107828409281	323	82512.4300426
72400	8400	800	815.395225496	0.00992083375088	297	82190.191467
72400	8400	800	782.457974796	0.00988572769009	295	79150.2658505046
72400	8400	800	762.416979395	0.00948215418517	284	80405.46109105134
72400	8400	800	857.092785884	0.0103543872541	310	82775.8094083
72400	8400	800	837.712445078	0.010198963384	305	82137.0185903
72400	8400	800	832.056168735	0.0101527945316	303	81953.4135304
72400	8400	800	817.418929279	0.009900330011	297	82564.8163618
72400	8400	800	841.84926372	0.0102282982919	306	82305.8968062
72400	8400	800	787.687288973	0.0098219356563	294	80196.74700963275
72400	8400	800	845.841866136	0.0106472025982	318	79442.63841473416
72400	8400	800	864.220307834	0.0104633282075	313	82595.1638612
72400	8400	800	762.886493451	0.00956745726424	286	79737.64317733614
72400	8400	800	868.964218941	0.0105984620528	317	81989.6523298
72400	8400	800	781.300529678	0.00950500351417	284	82198.8680502
144800	16800	1600	1680.72144752	0.0104839205559	341	160314.210563
144800	16800	1600	1556.04341085	0.00974874680936	317	159614.711642
144800	16800	1600	1624.81282014	0.0101469774307	330	160127.765263
144800	16800	1600	1534.42030245	0.00962395842942	313	159437.544718
144800	16800	1600	1539.38110475	0.00958937791984	312	160529.819308
144800	16800	1600	1590.34390911	0.0098952091208	322	160718.574989
144800	16800	1600	1528.97657589	0.0096242543509	313	158867.016617
144800	16800	1600	1478.82857059	0.00932106930815	303	158654.390575
144800	16800	1600	1708.29119358	0.010739783358	349	159061.978873
144800	16800	1600	1508.15417935	0.00938028602184	305	160779.125055
144800	16800	1600	1468.01834711	0.00915936683572	298	160275.090347
144800	16800	1600	1664.71279651	0.0103961614173	338	160127.640355
144800	16800	1600	1743.49266952	0.0108779153735	354	160278.197583
144800	16800	1600	1586.4824069	0.00986599459061	321	160803.089068
144800	16800	1600	1518.65140479	0.0095302508608	310	159350.622242
144800	16800	1600	1588.84190378	0.00986933128363	321	160987.79726
144800	16800	1600	1658.05037258	0.0103942431884	338	159516.21898
144800	16800	1600	1528.99033309	0.00949892407009	309	160964.581021
144800	16800	1600	1597.15069248	0.00996248693192	324	160316.465496
144800	16800	1600	1510.1603346	0.00940699068523	306	160535.965766
144800	16800	1600	1726.63064829	0.0108585314836	353	159011.432706
144800	16800	1600	1761.46221431	0.0109738104021	357	160515.094554
144800	16800	1600	1485.72920116	0.00934694379535	304	158953.475456
144800	16800	1600	1627.18496352	0.0101516596425	330	160287.580634
9050	1050	100	101.09205753	0.0100115074799	87	10097.585976253087
9050	1050	100	92.768284044	0.00931749359422	80	9956.356085022315
9050	1050	100	104.368417336	0.0104797391709	90	9959.066312061615
9050	1050	100	93.9721698836	0.00940766550523	81	9988.89361355427
9050	1050	100	100.834052101	0.0101635514019	87	9921.14351705432
9050	1050	100	96.2830122771	0.00964555490994	83	9982.112296918242
9050	1050	100	105.58404485	0.0105629715612	91	9995.67633386993
9050	1050	100	91.7185616637	0.00913611657222	79	10039.1190215936
9050	1050	100	98.6108334564	0.00987338831455	85	9987.537237951283
9050	1050	100	98.5837206691	0.00988947062245	85	9968.553872362005
9050	1050	100	98.6515409537	0.0098493626883	85	10016.032922708753
9050	1050	100	96.2357599225	0.00967365967366	83	9948.226748615103
9050	1050	100	107.955495341	0.0107651348536	93	10028.252948955167
9050	1050	100	98.5508254283	0.00990906971322	85	9945.517417926058
9050	1050	100	98.5817848225	0.00989062136374	85	9967.198338409346
9050	1050	100	97.3914039526	0.00979249242248	84	9945.517417926058
9050	1050	100	100.903337626	0.0101221640489	87	9968.553872362005
9050	1050	100	98.6457227791	0.00985278775936	85	10011.96059311922
9050	1050	100	100.958860008	0.0100892960687	87	10006.531607479497
9050	1050	100	103.298028271	0.0103104726599	89	10018.74809029534
9050	1050	100	98.5469573758	0.00991138059701	85	9942.80831123194
9050	1050	100	96.2584331254	0.00966014897579	83	9964.487438718037
9050	1050	100	94.0146607709	0.00938260164485	81	10020.105758460684
9050	1050	100	103.271633993	0.0103260239007	89	10001.103521162368
18100	2100	200	201.670402584	0.0100962824285	151	19974.7188148662
18100	2100	200	200.562711192	0.00999933337777	150	20057.60820390375
18100	2100	200	197.808517464	0.00987654320988	148	20028.112393192045
18100	2100	200	212.623360234	0.0105957616953	159	20066.83109230937
18100	2100	200	194.658758086	0.00980655561526	146	19849.86020812143
18100	2100	200	181.733252561	0.00908059023837	136	20013.374438257593
18100	2100	200	211.211322031	0.0105389541089	158	20041.01354355977
18100	2100	200	189.798845956	0.0094748782278	142	20031.79791788382
18100	2100	200	202.985478395	0.0101658640984	152	19967.361006370033
18100	2100	200	194.938465512	0.00976915356306	146	19954.488815626763
18100	2100	200	200.537355735	0.010002667378	150	20048.387910643894
18100	2100	200	204.568792164	0.0102	153	20055.763937686857
18100	2100	200	197.663705844	0.00989569403584	148	19974.7188148662
18100	2100	200	209.948852558	0.010462481674	157	20066.83109230937
18100	2100	200	204.817525237	0.0101674641148	153	20144.406011579846
18100	2100	200	209.678504556	0.0104981611501	157	19972.87920784817
18100	2100	200	184.429095841	0.00921105326392	138	20022.584883268624
18100	2100	200	206.986548118	0.0103671995184	155	19965.521812363993
18100	2100	200	199.991874746	0.0100752283718	150	19849.86020812143
18100	2100	200	201.971312968	0.0100566100566	151	20083.438835871973
18100	2100	200	201.843654058	0.0100733822548	151	20037.326982268827
18100	2100	200	208.701358031	0.0103840777475	156	20098.208344263323
18100	2100	200	204.79676489	0.0101701675086	153	20137.01000658287
18100	2100	200	202.247835279	0.0100205720353	151	20183.262449120903
36200	4200	400	391.822635956	0.00977043794043	226	40102.873417249335
36200	4200	400	404.751668325	0.0101408450704	234	39913.01173761054
36200	4200	400	383.282445693	0.00963960052106	222	39761.237496841284
36200	4200	400	404.517494638	0.010147001431	234	39865.71770878209
36200	4200	400	408.042345745	0.0102319531758	236	39879.223324635306
36200	4200	400	403.941949595	0.0100734976221	233	40099.47336536561
36200	4200	400	416.687310697	0.0104487318448	241	39879.223324635306
36200	4200	400	405.593227361	0.0102076274868	235	39734.32885234002
36200	4200	400	346.840246553	0.00873267584829	201	39717.52216376314
36200	4200	400	400.201254116	0.0100830109957	232	39690.64937906892
36200	4200	400	391.367525657	0.00978227935766	226	40007.805067485126
36200	4200	400	391.871492435	0.00976917091726	226	40113.07569017696
36200	4200	400	403.673663896	0.0100804707104	233	40045.120460513
36200	4200	400	408.41176377	0.0101341153133	235	40300.68251086972
36200	4200	400	391.640674609	0.00986398991874	227	39704.08301664561
36200	4200	400	399.001825576	0.0100256065275	231	39798.2730003985
36200	4200	400	372.647158163	0.00938640709195	216	39700.724090908465
36200	4200	400	428.962424616	0.0106594165372	247	40242.580174916635
36200	4200	400	425.860599406	0.0106516562026	246	39980.69326533862
36200	4200	400	400.30006696	0.0100803823593	232	39710.80190122933
36200	4200	400	403.824508496	0.0100765471608	233	40075.68287528879
36200	4200	400	425.684271894	0.0106562703054	246	39946.83502715367
36200	4200	400	405.120481988	0.0101311858683	234	39987.46911317087
36200	4200	400	403.774208089	0.0100778546713	233	40065.492236114755
72400	8400	800	747.881258348	0.00909577314072	272	82222.945403
72400	8400	800	808.91972145	0.00983277591973	294	82267.685957
72400	8400	800	804.509535336	0.010106756802	302	79601.15703762927
72400	8400	800	821.337267783	0.00998830800067	299	82229.8699367
72400	8400	800	821.823204024	0.00994659546061	298	82623.5677603
72400	8400	800	761.869557658	0.00917614203072	276	83027.219403
72400	8400	800	762.412574429	0.00921289805728	276	82754.9126983
72400	8400	800	724.68385385	0.00883918706264	264	81985.3509959
72400	8400	800	820.034287236	0.0103531461502	309	79206.28911598912
72400	8400	800	807.286086614	0.00984924623116	294	81964.2506308
72400	8400	800	811.255886302	0.00986589077288	295	82228.3466316
72400	8400	800	877.338281594	0.0106169871795	318	82635.3339946
72400	8400	800	813.26587745	0.0098808291885	296	82307.4523336
72400	8400	800	861.65810009	0.0108925160036	325	79105.5160996098
72400	8400	800	841.766577578	0.01021430002	306	82410.5984675
72400	8400	800	851.463774061	0.0103609625668	310	82179.9874836
72400	8400	800	858.632211291	0.0107728337237	322	79703.46830895076
72400	8400	800	792.127889273	0.00997957201701	298	79374.93591131107
72400	8400	800	776.245554962	0.00945413242467	283	82106.482128
72400	8400	800	798.314370188	0.00969251336898	290	82364.020538
72400	8400	800	790.242150375	0.00994308670907	297	79476.54219427191
72400	8400	800	817.10973348	0.00988412862724	296	82668.8688802
72400	8400	800	833.370890588	0.0101512672388	304	82095.2567777
72400	8400	800	761.890196566	0.00952763012737	285	79966.39105217558
144800	16800	1600	1579.55874815	0.00993326567642	323	159017.064439
144800	16800	1600	1731.86058256	0.0107636005782	350	160899.744466
144800	16800	1600	1598.25103677	0.00995758805089	324	160505.84023
144800	16800	1600	1621.34449211	0.0100193625718	326	161821.121901
144800	16800	1600	1623.98964736	0.0101174733993	329	160513.359735
144800	16800	1600	1591.61644939	0.0099052540913	322	160684.060673
144800	16800	1600	1422.140412	0.00892142988987	290	159407.228387
144800	16800	1600	1508.76721028	0.00944557258015	307	159732.742242
144800	16800	1600	1556.15161319	0.00978702449834	318	159001.503823
144800	16800	1600	1666.37290014	0.0103968009843	338	160277.464448
144800	16800	1600	1539.50503759	0.00965916082195	314	159382.897331
144800	16800	1600	1741.20208691	0.0109257663425	355	159366.586501
144800	16800	1600	1636.67615371	0.0102094160337	332	160310.457357
144800	16800	1600	1437.22654012	0.00901344325838	293	159453.662592
144800	16800	1600	1550.71707345	0.00971679837643	316	159591.360588
144800	16800	1600	1551.00443414	0.00968634686347	315	160122.743486
144800	16800	1600	1487.88619487	0.00928174078741	302	160302.493783
144800	16800	1600	1641.97938141	0.0102084742636	332	160844.739284
144800	16800	1600	1605.47164266	0.010025216803	326	160143.333976
144800	16800	1600	1503.05860571	0.00934550708598	304	160832.215083
144800	16800	1600	1741.77671349	0.0108528561766	353	160490.168224
144800	16800	1600	1536.48795062	0.00969320244946	315	158511.901369
144800	16800	1600	1632.2054452	0.0101196518102	329	161290.672428
144800	16800	1600	1656.24512201	0.010421149708	339	158931.132209
9050	1050	100	102.113285423	0.0102088167053	88	10002.46045844645
9050	1050	100	106.72333891	0.0106914584544	92	9982.112296918242
9050	1050	100	103.334604716	0.010289017341	89	10043.19472797751
9050	1050	100	106.851432759	0.0106162012462	92	10064.940394474455
9050	1050	100	96.3852945884	0.00958540247142	83	10055.424889647262
9050	1050	100	90.4846082898	0.00906344410876	78	9983.468447978961
9050	1050	100	97.45262062	0.00975609756098	84	9988.89361355427
9050	1050	100	102.155454621	0.0101840064807	88	10030.969129328076
9050	1050	100	99.8062606941	0.00996870290947	86	10011.96059311922
9050	1050	100	106.738016843	0.0106827682304	92	9991.606533206437
9050	1050	100	107.881256019	0.0108089260809	93	9980.756201981467
9050	1050	100	93.9241999828	0.00943616029823	81	9953.646082126175
9050	1050	100	93.9352640077	0.00942956926659	81	9961.776763281161
9050	1050	100	100.941004405	0.0100998374739	87	9994.319677484535
9050	1050	100	100.929105473	0.0101068773234	87	9986.180918490838
9050	1050	100	99.8867936232	0.00992155053069	86	10067.659617744757
9050	1050	100	106.721242513	0.0106927010693	92	9980.756201981467
9050	1050	100	99.8573097142	0.00993874956662	86	10047.270941363646
9050	1050	100	98.5663017968	0.00989983694386	85	9956.356085022315
9050	1050	100	104.501835747	0.0104010169883	90	10047.270941363646
9050	1050	100	98.5643668867	0.00990099009901	85	9955.001055558669
9050	1050	100	101.028380791	0.0100485100485	87	10054.065757354814
9050	1050	100	92.8503346391	0.0092689143784	80	10017.390478379584
9050	1050	100	96.3208599412	0.0096231884058	83	10009.245987865408
18100	2100	200	204.656787648	0.0101884530865	153	20087.13058891779
18100	2100	200	200.122811818	0.0100576639399	150	19897.544103030694
18100	2100	200	201.889585043	0.0100673378225	151	20053.91977526411
18100	2100	200	195.017183765	0.00975870596885	146	19983.91839941805
18100	2100	200	194.9974958	0.00976131577188	146	19976.558525166205
18100	2100	200	195.09599172	0.00974828069707	146	20013.374438257593
18100	2100	200	204.253919838	0.0102416493741	153	19943.459532452966
18100	2100	200	196.268709888	0.00983672376874	147	19952.650343945636
18100	2100	200	200.309562695	0.0100327737275	150	19965.521812363993
18100	2100	200	206.793572212	0.0103929194046	155	19897.544103030694
18100	2100	200	182.926324936	0.009166332129	137	19956.32739046243
18100	2100	200	177.509303372	0.00890883515306	133	19925.08563940678
18100	2100	200	197.848518175	0.00987127326086	148	20042.85697975052
18100	2100	200	195.219309145	0.00973203572857	146	20059.452573926468
18100	2100	200	208.379785169	0.0104264135811	156	19985.758626301973
18100	2100	200	201.660224376	0.0100976327404	151	19971.03970410053
18100	2100	200	214.684952185	0.0108104478614	161	19859.024800545874
18100	2100	200	194.918799944	0.0097717689579	146	19947.13554771372
18100	2100	200	191.149950531	0.00953969312875	143	20037.326982268827
18100	2100	200	193.657009104	0.00969510564322	145	19974.7188148662
18100	2100	200	207.070154556	0.0103561167903	155	19994.961311227795
18100	2100	200	212.779490543	0.0105753242434	159	20120.37509633476
18100	2100	200	219.016173998	0.0109676987895	164	19969.20030361168
18100	2100	200	192.754780631	0.00957128614158	144	20138.8588513375
36200	4200	400	429.625584336	0.0107303565247	248	40038.332682135544
36200	4200	400	382.724819604	0.0095654432133	221	40011.19562054315
36200	4200	400	420.858506485	0.0104287868994	242	40355.46133461851
36200	4200	400	395.060322986	0.00986287147986	228	40055.30476517929
36200	4200	400	407.369485911	0.0102497285559	236	39744.41700471073
36200	4200	400	397.884551815	0.00987792779192	229	40280.16403806404
36200	4200	400	392.108875991	0.00985157538408	227	39801.641940924776
36200	4200	400	430.054027693	0.0107192254495	248	40119.87897059172
36200	4200	400	391.335078702	0.00978312627159	226	40001.02501366413
36200	4200	400	409.074932871	0.0102049641097	236	40085.8766846726
36200	4200	400	395.514639535	0.00993966752029	229	39791.536158269504
36200	4200	400	402.805429134	0.0101032000694	233	39869.093590925906
36200	4200	400	384.080850183	0.00953038078399	221	40300.68251086972
36200	4200	400	409.636838353	0.0101904227298	236	40198.218387354806
36200	4200	400	410.012737445	0.0101807514775	236	40273.327401277296
36200	4200	400	392.099732389	0.00976326248488	226	40160.72834218156
36200	4200	400	411.458289634	0.0102313935417	237	40215.27350666972
36200	4200	400	404.395903013	0.0100617523859	233	40191.39882437494
36200	4200	400	394.863697363	0.00986799394071	228	40014.586524462975
36200	4200	400	386.012380223	0.00965660589789	223	39973.91881834323
36200	4200	400	375.850239845	0.00947990954949	218	39647.028052674104
36200	4200	400	385.597309714	0.00966749035419	223	39885.97822055698
36200	4200	400	405.69347933	0.0102049678652	235	39754.50826383684
36200	4200	400	405.109725176	0.0102205018919	235	39636.969833942654
72400	8400	800	786.979581318	0.00986820097678	295	79749.04272519854
72400	8400	800	824.383631809	0.0103800435292	310	79420.05536766525
72400	8400	800	864.590487516	0.0105023747408	314	82323.3324706
72400	8400	800	844.435916689	0.0102624101621	307	82284.3662793
72400	8400	800	839.481534281	0.0102423349846	306	81961.9291444
72400	8400	800	789.815677683	0.00961506359964	288	82143.5728946
72400	8400	800	779.541679597	0.00945065954249	283	82485.4261326
72400	8400	800	780.648824109	0.00984891628421	294	79262.40832819883
72400	8400	800	841.244861148	0.0102613811084	307	81981.6408985
72400	8400	800	827.272736405	0.0100567991981	301	82260.0431914
72400	8400	800	823.837723025	0.0100415048869	300	82043.2527103
72400	8400	800	745.9680978	0.00945800912262	282	78871.57731913945
72400	8400	800	810.085511605	0.00982751704773	294	82430.3338952
72400	8400	800	822.618346976	0.0100341159944	300	81982.1444597
72400	8400	800	826.259334908	0.0100702576112	301	82049.4734897
72400	8400	800	737.734869155	0.00896951035845	268	82249.1796846
72400	8400	800	817.339600345	0.0101887422749	305	80219.87192237795
72400	8400	800	821.864977712	0.00997165249291	299	82420.1383167
72400	8400	800	819.805152532	0.00999131190269	299	82051.8026578
72400	8400	800	813.42315048	0.00992215948953	297	81980.4550953
72400	8400	800	779.416392563	0.00951232583065	284	81937.5204802
72400	8400	800	787.843782872	0.00960733772972	287	82004.380926
72400	8400	800	735.400166445	0.00919240540179	275	80000.84137951209
72400	8400	800	794.96804221	0.00964040296217	289	82462.1175411
144800	16800	1600	1588.49810922	0.0099618743082	324	159457.754643
144800	16800	1600	1620.15321821	0.0102094160337	332	158692.055732
144800	16800	1600	1541.75487914	0.00950564493801	309	162193.611186
144800	16800	1600	1464.42005089	0.0091985848331	299	159200.581118
144800	16800	1600	1642.60013788	0.010235131397	333	160486.472931
144800	16800	1600	1590.52393614	0.0100224428936	326	158696.233346
144800	16800	1600	1683.58127853	0.0104874673228	341	160532.684081
144800	16800	1600	1650.82347304	0.0102702868915	334	160737.81487
144800	16800	1600	1549.59015455	0.00975234579295	317	158894.094554
144800	16800	1600	1514.14099722	0.00950476776376	309	159303.313332
144800	16800	1600	1562.43787636	0.00975174577783	317	160221.350305
144800	16800	1600	1716.88179877	0.0107305374493	349	159999.609235
144800	16800	1600	1703.43477542	0.0105738788307	344	161098.382409
144800	16800	1600	1644.28886702	0.01026618307	334	160165.550897
144800	16800	1600	1627.74811265	0.0101090797358	329	161018.426523
144800	16800	1600	1580.68900976	0.00980784012298	319	161165.862202
144800	16800	1600	1622.49005203	0.010145417653	330	159923.436128
144800	16800	1600	1535.80933034	0.00962366252613	313	159586.781661
144800	16800	1600	1595.17690495	0.00982982122013	320	162279.340511
144800	16800	1600	1593.66628812	0.0100304606012	326	158882.662669
144800	16800	1600	1533.06158109	0.0095334747978	310	160808.269137
144800	16800	1600	1503.80059211	0.00937077547007	305	160477.7104
144800	16800	1600	1729.31299862	0.0107318573186	349	161138.277121
144800	16800	1600	1664.02277483	0.0103910477127	338	160140.037928
9050	1050	100	98.5914650965	0.00988487033376	85	9973.976568994301
9050	1050	100	98.663180123	0.00984251968504	85	10024.179100500865
9050	1050	100	90.4277764664	0.00909727081875	78	9940.099428495721
9050	1050	100	105.642182538	0.0105287515909	91	10033.685534867227
9050	1050	100	100.931088361	0.0101057033337	87	9987.537237951283
9050	1050	100	97.4602801148	0.00975156721616	84	9994.319677484535
9050	1050	100	98.5295562828	0.00992179292635	85	9930.620102052924
9050	1050	100	99.7670408208	0.00999186708493	86	9984.82465516828
9050	1050	100	96.3038234509	0.00963324048282	83	9997.033046425762
9050	1050	100	99.8769630042	0.00992727692485	86	10060.861982620285
9050	1050	100	105.719141993	0.0104838709677	91	10083.979697770003
9050	1050	100	98.6340892488	0.00985964505278	85	10003.81745192423
9050	1050	100	93.9666314707	0.00941094457999	81	9984.82465516828
9050	1050	100	99.747446706	0.0100034895894	86	9971.265108504542
9050	1050	100	98.5972745105	0.0098814229249	85	9978.044180461195
9050	1050	100	102.173541741	0.0101734104046	88	10043.19472797751
9050	1050	100	103.426201253	0.0102357676826	89	10104.391234735314
9050	1050	100	97.4315655071	0.0097685777416	84	9973.976568994301
9050	1050	100	97.4583650865	0.00975269940787	84	9992.963077264918
9050	1050	100	97.4277386431	0.00977085029662	84	9971.265108504542
9050	1050	100	104.516231761	0.0103926096998	90	10056.784078315353
9050	1050	100	99.7239476736	0.0100174723355	86	9955.001055558669
9050	1050	100	96.3815010464	0.00958761695738	83	10052.706681433343
9050	1050	100	105.5156378	0.010603588907	91	9950.936303336122
18100	2100	200	190.116174714	0.00943333554773	142	20153.65336595193
18100	2100	200	188.633919759	0.00938560873328	141	20098.208344263323
18100	2100	200	184.112986873	0.00925305082473	138	19897.544103030694
18100	2100	200	200.294402425	0.0100347872625	150	19960.00484964366
18100	2100	200	198.828727798	0.00998525666801	149	19912.230041651866
18100	2100	200	205.84338729	0.0102748865759	154	20033.640835687514
18100	2100	200	203.442759319	0.0101057110564	152	20131.464098132634
18100	2100	200	192.302032164	0.00963081861958	144	19967.361006370033
18100	2100	200	195.100920199	0.00974762985712	146	20015.216320161344
18100	2100	200	198.918964243	0.00997322623829	149	19945.297488535
18100	2100	200	186.993338846	0.00935891436593	140	19980.238255658565
18100	2100	200	213.598870419	0.0107102215677	160	19943.459532452966
18100	2100	200	197.938603254	0.0098594364133	148	20076.056577322022
18100	2100	200	195.012261249	0.00975935828877	146	19982.078275874115
18100	2100	200	213.879476604	0.010673070509	160	20039.170211069762
18100	2100	200	192.574295066	0.00959488272921	144	20070.520974639712
18100	2100	200	208.52194821	0.0104076322637	156	20035.4838571453
18100	2100	200	187.348265344	0.00931222562192	140	20118.52729415196
18100	2100	200	192.200213082	0.00964436407474	144	19928.759593889834
18100	2100	200	191.038916784	0.00955435290973	143	19994.961311227795
18100	2100	200	192.331151276	0.00962695547533	144	19978.398338759795
18100	2100	200	204.382800501	0.0102245388933	153	19989.439390136227
18100	2100	200	182.765024776	0.00918784789753	137	19892.038572508936
18100	2100	200	202.683930013	0.0102061371114	152	19859.024800545874
36200	4200	400	403.105334977	0.0100953206239	233	39929.919018311724
36200	4200	400	375.346632592	0.00940411700975	217	39913.01173761054
36200	4200	400	430.21710571	0.0108035404373	249	39821.86286103576
36200	4200	400	419.074961102	0.0104748301086	242	40007.805067485126
36200	4200	400	438.051185319	0.010952855102	253	39994.246362419435
36200	4200	400	396.392674573	0.0100056553704	230	39616.86265392945
36200	4200	400	413.798363429	0.0102590628906	238	40334.90854280943
36200	4200	400	397.536976239	0.00997527865724	230	39852.21765709252
36200	4200	400	394.324493522	0.00988210818308	228	39902.871554951875
36200	4200	400	384.440666796	0.00960914166991	222	40007.805067485126
36200	4200	400	396.349111652	0.0099177132958	229	39963.75977315257
36200	4200	400	397.061703174	0.00998784088935	230	39754.50826383684
36200	4200	400	404.564424652	0.0100574092459	233	40225.51084078058
36200	4200	400	402.439788483	0.0101128472222	233	39794.9044062038
36200	4200	400	391.887782008	0.00976874864923	226	40116.4771538225
36200	4200	400	386.589321958	0.00964157551126	223	40096.07366623925
36200	4200	400	399.860357989	0.0100030312216	231	39973.91881834323
36200	4200	400	404.952713957	0.0101355741326	234	39953.60387658902
36200	4200	400	373.061809817	0.00928685585936	215	40170.948646885714
36200	4200	400	377.764476889	0.00942947359315	218	40062.09606054038
36200	4200	400	385.294837644	0.00967545990975	223	39821.86286103576
36200	4200	400	387.653834287	0.00961414097866	223	40321.21383986222
36200	4200	400	402.20762773	0.0101189959177	233	39747.78041246324
36200	4200	400	385.422107191	0.00967210270645	223	39848.84351303353
72400	8400	800	844.206231499	0.0102610381363	307	82272.9844958
72400	8400	800	835.288809647	0.0101566937289	304	82240.228163
72400	8400	800	789.309726618	0.00957624290958	287	82423.7369573
72400	8400	800	904.763011226	0.0110187318441	330	82111.3558279
72400	8400	800	803.867222265	0.00979900337781	293	82035.6102831
72400	8400	800	791.870146654	0.00998057472034	298	79341.13704291996
72400	8400	800	855.509491084	0.0103905649661	311	82335.2237223
72400	8400	800	887.655672653	0.0107724733197	322	82400.3593518
72400	8400	800	829.522024464	0.0104477112145	312	79397.4878736603
72400	8400	800	887.283658317	0.0107498163851	322	82539.4245379
72400	8400	800	831.058244628	0.0104417670683	312	79589.80881240762
72400	8400	800	795.075667428	0.00962116656645	288	82638.1771833
72400	8400	800	791.479061038	0.00963758658769	288	82124.1971563
72400	8400	800	760.360937057	0.00925338232838	277	82171.1359235
72400	8400	800	876.684389388	0.010621242485	318	82540.6623216
72400	8400	800	845.77875693	0.0102593236198	307	82440.0114735
72400	8400	800	839.064722512	0.0105859100198	316	79262.40832819883
72400	8400	800	841.163846948	0.0105340601277	315	79851.81750887513
72400	8400	800	804.541540468	0.00979867567387	293	82107.1711367
72400	8400	800	800.463325842	0.00999131190269	299	80115.93809075023
72400	8400	800	879.983681929	0.0106710376664	319	82464.6777041
72400	8400	800	734.351906372	0.00888740394253	266	82628.3930741
72400	8400	800	831.450058947	0.0100494123932	301	82736.1865966
72400	8400	800	805.604839703	0.00978918178477	293	82295.4213555
144800	16800	1600	1566.19062609	0.00967652750899	315	161854.61413
144800	16800	1600	1701.80713006	0.0106072252114	345	160438.483783
144800	16800	1600	1472.32673	0.00922027230538	300	159683.64938
144800	16800	1600	1580.02794721	0.00993601574997	323	159020.274018
144800	16800	1600	1529.68761197	0.00965678435232	314	158405.485321
144800	16800	1600	1532.61002858	0.0095932109584	312	159759.858844
144800	16800	1600	1489.82755608	0.00925356615839	301	161000.36792
144800	16800	1600	1532.46898186	0.0095328884652	310	160755.996198
144800	16800	1600	1607.94894508	0.0101016322759	328	159177.140997
144800	16800	1600	1526.51693093	0.00955776145548	311	159714.901658
144800	16800	1600	1569.2063427	0.00978220745663	318	160414.338958
144800	16800	1600	1474.75294031	0.0091641552371	298	160926.228567
144800	16800	1600	1605.06091572	0.0100292262729	326	160038.359097
144800	16800	1600	1329.51367684	0.00839302733114	273	158406.928083
144800	16800	1600	1690.815717	0.0105159584281	342	160785.698095
144800	16800	1600	1534.68831048	0.00961863495283	313	159553.649557
144800	16800	1600	1558.56057278	0.00971799366485	316	160378.842231
144800	16800	1600	1626.71317623	0.0101212083923	329	160723.217345
144800	16800	1600	1645.58071398	0.0102988194786	335	159783.431237
144800	16800	1600	1716.74608889	0.0107411055029	349	159829.55278
144800	16800	1600	1492.01474011	0.00931390630764	303	160192.156849
144800	16800	1600	1582.97578346	0.00989885947923	322	159914.966646
144800	16800	1600	1653.15701796	0.0103352814519	336	159952.781708
144800	16800	1600	1620.60567328	0.0101416761425	330	159796.630312
9050	1050	100	95.2521476392	0.00945353931289	82	10075.818641731803
9050	1050	100	97.4909345895	0.00973348783314	84	10016.032922708753
9050	1050	100	97.3894926283	0.00979363413781	84	9944.162836581949
9050	1050	100	98.5972745105	0.0098814229249	85	9978.044180461195
9050	1050	100	98.5682368108	0.0098986840573	85	9957.71117052175
9050	1050	100	99.8985938655	0.00991468757205	86	10075.818641731803
9050	1050	100	106.698189593	0.0107063889212	92	9965.842860529567
9050	1050	100	103.322408626	0.0102961591856	89	10035.043822085809
9050	1050	100	98.6360279095	0.00985850150777	85	10005.174501600359
9050	1050	100	98.6709416591	0.00983796296296	85	10029.611010998173
9050	1050	100	104.44430596	0.0104347826087	90	10009.245987865408
9050	1050	100	99.8258864721	0.00995716105129	86	10025.53699371118
9050	1050	100	99.665266354	0.0100526008182	86	9914.376205326667
9050	1050	100	92.7919671496	0.00930340737295	80	9973.976568994301
9050	1050	100	96.3568529886	0.0096020360944	83	10035.043822085809
9050	1050	100	96.2867952108	0.00964331358197	83	9984.82465516828
9050	1050	100	105.546716863	0.0105850878213	91	9971.265108504542
9050	1050	100	103.190536533	0.0103741694836	89	9946.872055268897
9050	1050	100	91.6392668709	0.00918284319423	79	9979.400163164002
9050	1050	100	98.6263356491	0.00986422188697	85	9998.389815156677
9050	1050	100	96.3379046883	0.00961315728515	83	10021.463482880277
9050	1050	100	96.2867952108	0.00964331358197	83	9984.82465516828
9050	1050	100	99.8239234186	0.00995831403428	86	10024.179100500865
9050	1050	100	97.5177789282	0.00971772327626	84	10035.043822085809
18100	2100	200	198.448997711	0.0100363734339	149	19772.978657853928
18100	2100	200	208.527218761	0.0104069379586	156	20037.326982268827
18100	2100	200	193.882190589	0.00966537794961	145	20059.452573926468
18100	2100	200	193.965596904	0.00965443771223	145	20090.822757935777
18100	2100	200	196.278611428	0.00983540746688	147	19956.32739046243
18100	2100	200	207.22717364	0.0103354004134	155	20050.231761754305
18100	2100	200	211.24870488	0.0105340356024	158	20053.91977526411
18100	2100	200	197.733577563	0.00988643954576	148	20000.48416300637
18100	2100	200	203.016215235	0.0101617863351	152	19978.398338759795
18100	2100	200	204.605012672	0.0101952422203	153	20068.67598153655
18100	2100	200	218.994071334	0.0109706334872	164	19961.843734012393
18100	2100	200	204.094425606	0.0102629460692	153	19886.533966846022
18100	2100	200	197.873530208	0.00986798239765	148	20052.075716623815
18100	2100	200	194.697947022	0.00980128893663	146	19864.524786571597
18100	2100	200	205.526727601	0.0103168754606	154	19921.412096802036
18100	2100	200	201.955981874	0.0100586197708	151	20077.901986046076
18100	2100	200	193.793988188	0.00967698878804	145	20026.269786280664
18100	2100	200	201.818149574	0.0100767434101	151	20028.112393192045
18100	2100	200	202.129926749	0.0100358899375	151	20140.707800414024
18100	2100	200	195.155156658	0.00974047634932	146	20035.4838571453
18100	2100	200	204.491237648	0.0102102102102	153	20028.112393192045
18100	2100	200	199.190367976	0.00993730825664	149	20044.700519653674
18100	2100	200	205.817379802	0.0102783154241	154	20024.427282976736
18100	2100	200	193.896902	0.00966344551816	145	20064.98630694646
36200	4200	400	407.816163642	0.010149434223	235	40181.172140286726
36200	4200	400	383.297374211	0.00955056179775	221	40133.48977037204
36200	4200	400	388.622113342	0.009765625	225	39794.9044062038
36200	4200	400	406.26688666	0.0101014461472	234	40218.685596015224
36200	4200	400	403.9587353	0.0100730621244	233	40102.873417249335
36200	4200	400	398.492641455	0.0100391134289	231	39694.007272190676
36200	4200	400	410.92780337	0.0102451043963	237	40109.67457958176
36200	4200	400	382.186433113	0.00957954052883	221	39896.113176047846
36200	4200	400	387.438563642	0.00970789633354	224	39909.631328054755
36200	4200	400	409.653902136	0.0101899827288	236	40201.62870114255
36200	4200	400	384.032743411	0.00953161390494	221	40290.42166844988
36200	4200	400	392.214002754	0.00976031094796	226	40184.58068036365
36200	4200	400	391.92036728	0.00976790422267	226	40123.28114055792
36200	4200	400	436.072869062	0.0108278331392	251	40273.327401277296
36200	4200	400	405.726913233	0.0102040816327	235	39761.237496841284
36200	4200	400	398.509223845	0.00994981830767	230	40051.9096452467
36200	4200	400	413.965637908	0.0103427384456	239	40024.76134211964
36200	4200	400	402.855366774	0.0101018859744	233	39879.223324635306
36200	4200	400	405.692463777	0.0101162941507	234	40102.873417249335
36200	4200	400	390.639423436	0.00980137045711	226	39855.59214862529
36200	4200	400	396.283471128	0.0099194316902	229	39950.219277092125
36200	4200	400	422.573430512	0.0105604847436	244	40014.586524462975
36200	4200	400	419.701842896	0.0104585332123	242	40130.086540374694
36200	4200	400	388.493957329	0.0097690170198	225	39767.96811204416
72400	8400	800	792.169403296	0.00963726408781	288	82198.5779448
72400	8400	800	803.417100215	0.010154836115	303	79116.69780932416
72400	8400	800	758.974174358	0.00953879108374	285	79567.12414552725
72400	8400	800	803.557695705	0.00979376274359	293	82047.9030116
72400	8400	800	881.001686555	0.0106290817007	319	82885.9643163
72400	8400	800	791.076598357	0.00965373914792	288	81945.0977736
72400	8400	800	799.934710965	0.00976033693218	292	81957.6943422
72400	8400	800	842.01529869	0.0102098695406	306	82470.7206439
72400	8400	800	855.254338884	0.010425716768	312	82033.145338
72400	8400	800	806.37669003	0.00983113191774	294	82022.7718209
72400	8400	800	840.025007781	0.0102153229845	306	82231.8598303
72400	8400	800	846.472061108	0.0102245388933	306	82788.2870747
72400	8400	800	821.357941274	0.00998397221851	299	82267.6509206
72400	8400	800	845.678724676	0.0102156640182	306	82782.5507155
72400	8400	800	792.558119394	0.00997790129244	298	79431.34494572696
72400	8400	800	875.292986006	0.0106778242678	319	81972.9716518
72400	8400	800	818.289467287	0.00994394020288	298	82290.2642807
72400	8400	800	804.840773526	0.00979278074866	293	82187.1533921
72400	8400	800	789.129036241	0.00990364025696	296	79680.70484850075
72400	8400	800	835.355988348	0.0101502504174	304	82299.0521416
72400	8400	800	838.509460917	0.0101407698979	304	82686.9625637
72400	8400	800	777.890215927	0.00947692719845	283	82082.535788
72400	8400	800	801.418836076	0.00975805373613	292	82128.9631874
72400	8400	800	821.75216495	0.00999031040128	299	82254.91821
144800	16800	1600	1710.19198104	0.0107599606493	350	158940.356455
144800	16800	1600	1589.42940138	0.0100018464947	325	158913.596826
144800	16800	1600	1496.73445519	0.00935211960869	304	160042.270396
144800	16800	1600	1522.43885405	0.00943570199164	307	161348.764024
144800	16800	1600	1572.54436032	0.00981085652776	319	160286.143811
144800	16800	1600	1670.08599791	0.0104214700729	339	160254.358189
144800	16800	1600	1360.67908235	0.00845685466511	275	160896.590545
144800	16800	1600	1603.52068308	0.010086100861	328	158983.209188
144800	16800	1600	1720.79738054	0.0107073628504	348	160711.596739
144800	16800	1600	1613.77795671	0.0101180957067	329	159494.237205
144800	16800	1600	1784.22705613	0.0111941446013	364	159389.31644
144800	16800	1600	1634.52857586	0.010235445995	333	159692.951013
144800	16800	1600	1486.76500275	0.00934694379535	304	159064.292597
144800	16800	1600	1591.706574	0.00996769727734	324	159686.488235
144800	16800	1600	1457.66420643	0.00910097159021	296	160165.779223
144800	16800	1600	1613.85394693	0.0101221425715	329	159437.978228
144800	16800	1600	1697.77731729	0.0105444372714	343	161011.657009
144800	16800	1600	1450.81874183	0.00904086841539	294	160473.383216
144800	16800	1600	1677.87456958	0.01044546851	340	160631.815412
144800	16800	1600	1576.08595327	0.00987783487707	321	159557.835587
144800	16800	1600	1572.50507493	0.00983646870773	320	159864.79718
144800	16800	1600	1571.85855992	0.009743652794	317	161321.281982
144800	16800	1600	1624.17675394	0.0101805431673	331	159537.337767
144800	16800	1600	1659.95061315	0.0103615791416	337	160202.474012
9050	1050	100	98.7817255815	0.00977348510981	85	10107.113733906039
9050	1050	100	97.4219991187	0.0097742611124	84	9967.198338409346
9050	1050	100	100.897393758	0.010125698324	87	9964.487438718037
9050	1050	100	97.5235339209	0.00971435179831	84	10039.1190215936
9050	1050	100	92.7773909717	0.00931207077174	80	9963.132072970113
9050	1050	100	100.946955311	0.0100963212255	87	9998.389815156677
9050	1050	100	102.141392923	0.0101922631457	88	10021.463482880277
9050	1050	100	99.7219901052	0.010018639329	86	9953.646082126175
9050	1050	100	97.3894926283	0.00979363413781	84	9944.162836581949
9050	1050	100	103.454743345	0.010219313354	89	10123.453480764452
9050	1050	100	103.279753342	0.0103212339093	89	10006.531607479497
9050	1050	100	98.7039468548	0.00981864387201	85	10052.706681433343
9050	1050	100	100.90135623	0.0101233418664	87	9967.198338409346
9050	1050	100	96.3341162528	0.00961538461538	83	10018.74809029534
9050	1050	100	101.042300689	0.0100403923832	87	10063.580867454237
9050	1050	100	99.7298210104	0.0100139729856	86	9959.066312061615
9050	1050	100	102.089210133	0.0102230483271	88	9986.180918490838
9050	1050	100	96.3663309674	0.00959648514279	83	10041.836102855523
9050	1050	100	98.5527596104	0.00990791467537	85	9946.872055268897
9050	1050	100	92.7992575907	0.00929908171568	80	9979.400163164002
9050	1050	100	101.010491496	0.0100589663545	87	10041.836102855523
9050	1050	100	103.206742072	0.0103645044835	89	9957.71117052175
9050	1050	100	99.8003750212	0.00997217068646	86	10007.888769566294
9050	1050	100	100.91919263	0.0101127513658	87	9979.400163164002
18100	2100	200	198.858793789	0.00998124330118	149	19923.248816625393
18100	2100	200	201.848756045	0.0100727102928	151	20039.170211069762
18100	2100	200	201.706037722	0.0100915591793	151	19987.5989565375
18100	2100	200	188.438424012	0.00941129355226	141	20022.584883268624
18100	2100	200	201.915114999	0.0100639829379	151	20063.141625436136
18100	2100	200	208.532489689	0.0104062437462	156	20039.170211069762
18100	2100	200	199.064588365	0.00995390473646	149	19998.643108984477
18100	2100	200	208.585219639	0.0103993067129	156	20057.60820390375
18100	2100	200	210.055140049	0.0104485558365	157	20103.74862663344
18100	2100	200	181.600258199	0.00909820711801	136	19960.00484964366
18100	2100	200	192.520729059	0.00960192038408	144	20050.231761754305
18100	2100	200	208.727778568	0.0103806228374	156	20107.44266868684
18100	2100	200	190.990697941	0.00956074079027	143	19976.558525166205
18100	2100	200	201.777361299	0.0100821259264	151	20013.374438257593
18100	2100	200	197.628796082	0.00990032778112	148	19961.843734012393
18100	2100	200	219.232005146	0.010939167556	164	20041.01354355977
18100	2100	200	199.175262588	0.00993929691148	149	20039.170211069762
18100	2100	200	207.300564219	0.0103257611085	155	20076.056577322022
18100	2100	200	188.452709205	0.00940940940941	141	20028.112393192045
18100	2100	200	193.676560829	0.00969251336898	145	19982.078275874115
18100	2100	200	198.068930636	0.00984238877436	148	20124.07101332492
18100	2100	200	195.342846673	0.00971584481267	146	20105.595595604984
18100	2100	200	209.657342288	0.0105009698348	157	19965.521812363993
18100	2100	200	200.264091587	0.0100388167581	150	19948.973710000686
36200	4200	400	409.142918903	0.0102031993083	236	40099.47336536561
36200	4200	400	400.877942666	0.0100650759219	232	39828.6059416234
36200	4200	400	417.291348856	0.0104329004329	241	39997.63551275601
36200	4200	400	411.54404546	0.0102291855497	237	40232.337507471944
36200	4200	400	406.531824201	0.0101828581333	235	39923.1550591588
36200	4200	400	413.48742166	0.0102670290324	238	40273.327401277296
36200	4200	400	400.358203702	0.00999005319379	231	40075.68287528879
36200	4200	400	376.000395122	0.00938703118917	217	40055.30476517929
36200	4200	400	390.591028233	0.00980264584689	226	39845.46971637675
36200	4200	400	410.872545023	0.0103352440507	238	39754.50826383684
36200	4200	400	424.869991911	0.0105013987519	244	40458.41910679475
36200	4200	400	379.528854256	0.00947190865447	219	40068.88876371562
36200	4200	400	403.439353873	0.0100865800866	233	39997.63551275601
36200	4200	400	386.268478255	0.00964991994461	223	40028.15365021315
36200	4200	400	395.273667415	0.00985732814527	228	40099.47336536561
36200	4200	400	412.871160642	0.0103714632876	239	39808.380861257014
36200	4200	400	417.308645872	0.0104324488117	241	40001.02501366413
36200	4200	400	389.361489099	0.00974616650784	225	39950.219277092125
36200	4200	400	416.687310697	0.0104487318448	241	39879.223324635306
36200	4200	400	409.247370238	0.0102891377963	237	39774.7001100134
36200	4200	400	402.772147729	0.0101040763226	233	39862.342174398465
36200	4200	400	420.336426439	0.0105304212168	243	39916.39249593183
36200	4200	400	396.180137121	0.00983394436058	228	40287.00210152792
36200	4200	400	431.375843573	0.0107731579631	249	40041.726395566155
72400	8400	800	817.572616565	0.00994891997463	298	82177.0220938
72400	8400	800	811.960428986	0.00985501436494	295	82390.5880721
72400	8400	800	853.838792783	0.010318228871	309	82750.5188591
72400	8400	800	814.328422066	0.0098933787894	296	82310.446148
72400	8400	800	802.006162395	0.00970711855361	291	82620.4149013
72400	8400	800	836.614804958	0.0101935095752	305	82073.2838661
72400	8400	800	839.336228224	0.0102006688963	305	82282.4695865
72400	8400	800	824.629432894	0.0104229505999	311	79116.69780932416
72400	8400	800	830.830213467	0.0101050525263	303	82219.2869664
72400	8400	800	917.947009365	0.0111716894672	334	82167.2507155
72400	8400	800	761.649969051	0.0096160289486	287	79206.28911598912
72400	8400	800	807.815220651	0.00985172321667	295	81997.3524311
72400	8400	800	769.163909983	0.00932299672526	279	82501.7891403
72400	8400	800	765.172274062	0.00923672013071	277	82840.2574977
72400	8400	800	822.371998461	0.00985845129059	296	83417.970452
72400	8400	800	806.796506407	0.00980490579928	293	82284.9829384
72400	8400	800	747.289193049	0.00909698996656	272	82146.8635006
72400	8400	800	799.001319381	0.00972918756269	291	82124.1562291
72400	8400	800	929.447552474	0.0113404475964	339	81958.6303425
72400	8400	800	872.297005918	0.0106233714171	318	82111.1275948
72400	8400	800	864.922516062	0.0105554998831	316	81940.4600106
72400	8400	800	765.209698517	0.00926790238698	278	82565.5759594
72400	8400	800	741.341838162	0.00901261766473	270	82255.9955099
72400	8400	800	800.640296767	0.00999064421278	299	80139.00602552903
144800	16800	1600	1549.84703098	0.00965144156882	314	160581.921357
144800	16800	1600	1612.13303131	0.0100267585274	326	160783.07131
144800	16800	1600	1569.48834536	0.00983707347064	320	159548.299608
144800	16800	1600	1591.66295878	0.009963099631	324	159755.800678
144800	16800	1600	1479.22776405	0.00929202178395	302	159193.316422
144800	16800	1600	1578.49960254	0.00986599459061	321	159993.965945
144800	16800	1600	1499.35489953	0.00941017282736	306	159333.407265
144800	16800	1600	1585.25567968	0.00989399293286	322	160224.056197
144800	16800	1600	1477.77655609	0.00925413515342	301	159688.240077
144800	16800	1600	1517.32091044	0.00946963873943	308	160230.073416
144800	16800	1600	1613.44455889	0.0100848604108	328	159986.801321
144800	16800	1600	1595.42934114	0.00989612145799	322	161217.639447
144800	16800	1600	1654.1387702	0.0102956543119	335	160663.782999
144800	16800	1600	1630.01747432	0.0102059637258	332	159712.254336
144800	16800	1600	1518.04360094	0.00947109471095	308	160281.746437
144800	16800	1600	1636.42792563	0.0101770999877	331	160795.111339
144800	16800	1600	1530.31431993	0.00960502416649	312	159324.359149
144800	16800	1600	1631.06259198	0.010183675353	331	160164.433315
144800	16800	1600	1654.93584112	0.0103897700725	338	159285.126578
144800	16800	1600	1679.59773693	0.0104217904575	339	161162.109696
144800	16800	1600	1771.10017336	0.0109994776784	358	161016.752353
144800	16800	1600	1573.98078183	0.00977709454266	318	160986.55638
144800	16800	1600	1548.67299485	0.00965203491946	314	160450.413594
144800	16800	1600	1435.0405817	0.00894558868737	291	160418.797672
