9005	1005	10	9.28079996138	0.000928733538753	7.99918196928	9992.963077264918
9005	1005	10	9.27588262648	0.000931654367046	7.99918439546	9956.356085022315
9005	1005	10	9.27624662862	0.000931437379565	7.99918421571	9959.066312061615
9005	1005	10	10.4399934653	0.00104544405419	8.9991824185	9986.180918490838
9005	1005	10	10.4537531464	0.00103736903769	8.99917640196	10077.178676596168
9005	1005	10	11.5985039016	0.00116256052174	9.99918304746	9976.688253868408
9005	1005	10	10.4508738809	0.00103904602917	8.99917765862	10058.143323363773
9005	1005	10	8.12281459017	0.000811311082841	6.99918071167	10011.96059311922
9005	1005	10	5.79900573359	0.000581097624985	4.99918286775	9979.400163164002
9005	1005	10	10.4438904203	0.00104314138306	8.99918071167	10011.96059311922
9005	1005	10	9.29157016358	0.000922414284043	7.99917667122	10073.098741335963
9005	1005	10	10.4463537102	0.00104169228313	8.99917963394	10028.252948955167
9005	1005	10	10.4512850715	0.0010388061271	8.99917747908	10060.861982620285
9005	1005	10	10.4416338026	0.00104447327063	8.99918169977	9997.033046425762
9005	1005	10	10.4420439973	0.00104423085636	8.9991815201	9999.746640067324
9005	1005	10	10.4449165975	0.00104253710178	8.99918026259	10018.74809029534
9005	1005	10	10.4434800267	0.00104338329175	8.99918089131	10009.245987865408
9005	1005	10	10.4293484609	0.0010517983979	8.99918709242	9915.729555868933
9005	1005	10	10.4371245738	0.00104714727443	8.99918367648	9967.198338409346
9005	1005	10	10.4475859525	0.00104096924178	8.99917909515	10036.40216560995
9005	1005	10	8.12329336515	0.000811029019956	6.99918044222	10016.032922708753
9005	1005	10	9.29047332348	0.00092305298982	7.99917720978	10064.940394474455
9005	1005	10	11.5946347124	0.00116486306794	9.99918457522	9953.646082126175
9005	1005	10	10.4477913649	0.00104084883245	8.99917900535	10037.760565444325
18010	2010	20	17.365744129	0.00086810635466	12.997288342	20004.166581395366
18010	2010	20	22.7515513414	0.00112983761412	16.9972770668	20137.01000658287
18010	2010	20	21.3837785732	0.00106719716617	15.9972855209	20037.326982268827
18010	2010	20	20.0232999124	0.00100363333267	14.9972928901	19950.81197540747
18010	2010	20	22.7044334607	0.00113603060486	16.9972899099	19985.758626301973
18010	2010	20	22.7360064575	0.00113186930094	16.9972812922	20087.13058891779
18010	2010	20	20.0334032626	0.00100229163624	14.997289753	19987.5989565375
18010	2010	20	18.7009051489	0.000935022622278	13.9972886555	20000.48416300637
18010	2010	20	24.0541656908	0.00120102010707	17.9972863044	20028.112393192045
18010	2010	20	22.6718425578	0.00114037563607	16.9972988556	19881.03028573127
18010	2010	20	17.3185821129	0.000874415049753	12.9973052995	19805.905808506
18010	2010	20	21.3756785917	0.00106826630195	15.9972878717	20009.69098501631
18010	2010	20	14.6994712151	0.000733739380458	10.9972858343	20033.640835687514
18010	2010	20	20.0678625699	0.000997756576464	14.9972791008	20112.98451271166
18010	2010	20	20.0495985876	0.00100015236663	14.9972847376	20046.54416328091
18010	2010	20	18.7335562232	0.000930731953524	13.997277849	20127.767347226185
18010	2010	20	24.0736325206	0.00119846049758	17.9972812922	20087.13058891779
18010	2010	20	18.6895858492	0.000936524315498	13.9972924194	19956.32739046243
18010	2010	20	18.7198137177	0.000932530472232	13.9972823882	20074.211272520748
18010	2010	20	21.3546590929	0.00107105610528	15.9972939885	19937.946282671302
18010	2010	20	18.6858170436	0.000937025952247	13.9972936747	19941.621679456042
18010	2010	20	18.6905283858	0.000936398990211	13.9972921057	19960.00484964366
18010	2010	20	18.6548059957	0.000941185048519	13.9973040416	19820.55072495089
18010	2010	20	13.3238348486	0.000672223241096	9.99730404157	19820.55072495089
36020	4020	40	36.3906504104	0.000907663333211	20.9924375705	40092.67431979707
36020	4020	40	37.9230788012	0.000956194009772	21.9924622248	39660.443815399885
36020	4020	40	36.3198171138	0.000909512004516	20.9924465762	39933.30152154054
36020	4020	40	43.1743237163	0.00108455362369	24.9924537043	39808.380861257014
36020	4020	40	24.1569459601	0.000607601572091	13.9924566037	39757.87270759974
36020	4020	40	29.4419305291	0.000735094301117	16.9924398646	40051.9096452467
36020	4020	40	41.4588015424	0.00104084214798	23.9924523532	39831.97800234158
36020	4020	40	39.9090975064	0.000992807619529	22.9924316607	40198.218387354806
36020	4020	40	39.8031542111	0.000995559380296	22.9924438879	39980.69326533862
36020	4020	40	38.005951748	0.000953995226971	21.9924519674	39838.72316498376
36020	4020	40	38.1415937886	0.000950448829712	21.9924354707	40130.086540374694
36020	4020	40	32.9181570724	0.000821330147674	18.9924383348	40079.08045940713
36020	4020	40	41.554955954	0.00103831919278	23.9924415876	40021.369385178565
36020	4020	40	50.361360715	0.00125091376106	28.9924282402	40259.658405354814
36020	4020	40	39.9790868226	0.000991010029405	22.9924236922	40341.75804116213
36020	4020	40	51.8545925783	0.0013004010513	29.9924498471	39875.84639878082
36020	4020	40	38.1178301989	0.00095106548758	21.9924383348	40079.08045940713
36020	4020	40	39.6653814333	0.000999194302299	22.9924600902	39697.365509447016
36020	4020	40	43.3481138166	0.00108000670193	24.9924350893	40136.89335385991
36020	4020	40	29.4504855617	0.000734871708946	16.9924385259	40075.68287528879
36020	4020	40	46.5851378903	0.00117251458026	26.9924581523	39730.966824942625
36020	4020	40	48.5837975659	0.00120881081492	27.9924320412	40191.39882437494
36020	4020	40	44.9928487943	0.00112555511504	25.9924442717	39973.91881834323
36020	4020	40	46.6427820208	0.00117098834555	26.9924523532	39831.97800234158
72040	8040	80	71.4855464275	0.0008674777319	25.9844279813	82406.2034088
72040	8040	80	87.5331989747	0.00106799810074	31.9844071211	81960.0698857
72040	8040	80	90.5035318521	0.00110400669156	32.9844079238	81977.3399418
72040	8040	80	50.5124271386	0.000635563975785	18.9842959567	79476.54219427191
72040	8040	80	74.1692201291	0.000901825424124	26.9844203406	82243.434422
72040	8040	80	66.2616762931	0.000837281434409	24.9844780028	79139.07268216349
72040	8040	80	69.1677776533	0.000869796408366	25.9842979035	79521.80186997556
72040	8040	80	65.6796826598	0.000801725009942	23.9844053974	81922.955933
72040	8040	80	99.2096782026	0.00123511664828	36.9843329162	80324.13646146918
72040	8040	80	80.0653009131	0.000965890796472	28.9844510205	82892.705061
72040	8040	80	79.5483549562	0.000967889458358	28.98441772	82187.4381101
72040	8040	80	82.712071733	0.00103626457186	30.9843106988	79817.52341887938
72040	8040	80	68.904452909	0.000835376207195	24.9844316048	82483.1403092
72040	8040	80	85.2013615955	0.00103460749981	30.9844254043	82351.3860196
72040	8040	80	88.0601087168	0.00106629005327	31.9844364378	82585.5108064
72040	8040	80	101.022686683	0.00127182394749	37.9842940156	79431.34494572696
72040	8040	80	82.560933939	0.00100252183263	29.984425492	82353.2528193
72040	8040	80	58.4063216689	0.000736350668465	21.9844855577	79318.62381633875
72040	8040	80	88.4608187341	0.00106710877312	31.9844512567	82897.658573
72040	8040	80	69.0124546931	0.00083590736488	24.9844352289	82559.9313903
72040	8040	80	79.4924213784	0.000969540341303	28.9844085033	81989.8027879
72040	8040	80	80.2012184819	0.00100221671573	29.9843197013	80023.82840255229
72040	8040	80	71.5999443425	0.000869102512756	25.9844269264	82383.7732506
72040	8040	80	82.248886452	0.000999680663707	29.9844218272	82275.1598966
144080	16080	160	128.084303877	0.000799036292515	25.9782679422	160298.480904
144080	16080	160	138.669222422	0.000859335510994	27.978245567	161367.964722
144080	16080	160	142.803528642	0.000890730449131	28.9781337016	160321.822142
144080	16080	160	168.182112932	0.00104452333193	33.9783439876	161013.265852
144080	16080	160	163.240837701	0.00101365374042	32.9782107908	161042.011874
144080	16080	160	205.201874984	0.00129179323132	41.9781128449	158850.402688
144080	16080	160	142.136401549	0.000891083835886	28.978046343	159509.572304
144080	16080	160	108.101030115	0.000675712784513	21.9782340291	159980.738255
144080	16080	160	158.580759977	0.00098243891306	31.9783866201	161415.389668
144080	16080	160	148.557604676	0.000922066266504	29.9782184566	161113.805018
144080	16080	160	136.827097728	0.000860331968853	27.9779956271	159039.885395
144080	16080	160	173.148441861	0.00107592122016	34.9781988675	160930.408859
144080	16080	160	153.22052786	0.000952237680837	30.978196233	160905.76013
144080	16080	160	118.152451647	0.000737198806307	23.9781283739	160272.168968
144080	16080	160	166.274616497	0.00104554110367	33.9779947872	159032.118309
144080	16080	160	133.277161276	0.000829408586392	26.9781730896	160689.39177
144080	16080	160	183.305374625	0.0011365105965	36.9786452783	161287.871129
144080	16080	160	147.753887994	0.000921670948321	29.9782692651	160310.88781
144080	16080	160	180.691190428	0.00113711924642	36.9779807742	158902.587391
144080	16080	160	128.210555689	0.000798746389841	25.9784275832	160514.723221
144080	16080	160	172.279067433	0.00107545985997	34.9782564858	160191.071601
144080	16080	160	182.240355532	0.00113659972517	36.9781354586	160338.2013
144080	16080	160	178.152568325	0.00110573345032	35.9783550064	161117.1013
144080	16080	160	152.257664239	0.000952506135703	30.9783570515	159849.53643
9005	1005	10	8.12090026359	0.000812441298852	6.99918178961	9995.67633386993
9005	1005	10	9.26879240026	0.000935905920411	7.99918790175	9903.551412727093
9005	1005	10	9.27970660282	0.00092938102804	7.99918250834	9984.82465516828
9005	1005	10	11.601465082	0.00116080588338	9.99918187944	9994.319677484535
9005	1005	10	8.12281459017	0.000811311082841	6.99918071167	10011.96059311922
9005	1005	10	10.4455324366	0.00104217486892	8.99917999316	10022.821263558784
9005	1005	10	10.4371245738	0.00104714727443	8.99918367648	9967.198338409346
9005	1005	10	10.429552892	0.00105167547067	8.9991870025	9917.082962308219
9005	1005	10	9.27442700929	0.000932523328809	7.99918511452	9945.517417926058
9005	1005	10	11.603288377	0.00115972873588	9.99918116079	10005.174501600359
9005	1005	10	9.2842645945	0.000926689094369	7.99918026259	10018.74809029534
9005	1005	10	11.596682666	0.00116364293801	9.99918376635	9965.842860529567
9005	1005	10	9.28645461148	0.000925402497101	7.99917918494	10035.043822085809
9005	1005	10	11.6019208322	0.00116053640898	9.99918169977	9997.033046425762
9005	1005	10	11.6087629779	0.00115650925345	9.99917900535	10037.760565444325
9005	1005	10	9.28280536953	0.000927548815067	7.99918098113	10007.888769566294
9005	1005	10	8.11659754711	0.000814995833222	6.99918421571	9959.066312061615
9005	1005	10	10.4582821033	0.00103474467377	8.99917442777	10107.113733906039
9005	1005	10	8.115960639	0.000815375649489	6.99918457522	9953.646082126175
9005	1005	10	10.4445060935	0.00104277873027	8.99918044222	10016.032922708753
9005	1005	10	9.28152906329	0.000928302380171	7.99918160994	9998.389815156677
9005	1005	10	11.6083064907	0.00115677686082	9.99917918494	10035.043822085809
9005	1005	10	5.7988919341	0.000581165189212	4.9991829576	9978.044180461195
9005	1005	10	11.6048844046	0.00115878787021	9.99918053203	10014.675423278188
9005	1005	10	10.4404034834	0.00104520118918	8.99918223881	9988.89361355427
9005	1005	10	11.5955447917	0.00116432047225	9.99918421571	9959.066312061615
9005	1005	10	11.5964550667	0.00116377838178	9.99918385622	9964.487438718037
9005	1005	10	11.5837290068	0.00117141388134	9.99918889109	9888.673159318945
9005	1005	10	11.6112745371	0.00115503962316	9.99917801772	10052.706681433343
9005	1005	10	10.4475859525	0.00104096924178	8.99917909515	10036.40216560995
9005	1005	10	10.4477913649	0.00104084883245	8.99917900535	10037.760565444325
9005	1005	10	9.28974229394	0.000923479285252	7.99917756885	10059.502624797185
9005	1005	10	6.96419209672	0.000694269118659	5.99917945433	10030.969129328076
9005	1005	10	10.4383538341	0.00104641664387	8.99918313731	9975.332383380988
9005	1005	10	8.11914655036	0.000813480099709	6.99918277789	9980.756201981467
9005	1005	10	11.6062529072	0.00115798262804	9.99917999316	10022.821263558784
9005	1005	10	11.6115029345	0.00115490620558	9.99917792794	10054.065757354814
9005	1005	10	10.4424542362	0.00104398855458	8.99918134044	10002.46045844645
9005	1005	10	11.5975931858	0.00116310147806	9.99918340689	9971.265108504542
9005	1005	10	10.4445060935	0.00104277873027	8.99918044222	10016.032922708753
9005	1005	10	11.6087629779	0.00115650925345	9.99917900535	10037.760565444325
9005	1005	10	9.27442700929	0.000932523328809	7.99918511452	9945.517417926058
9005	1005	10	11.6062529072	0.00115798262804	9.99917999316	10022.821263558784
9005	1005	10	11.6117313443	0.00115477281882	9.99917783817	10055.424889647262
9005	1005	10	10.4397884728	0.00104556552903	8.99918250834	9984.82465516828
9005	1005	10	10.4395834914	0.00104568703209	8.99918259819	9983.468447978961
9005	1005	10	11.6080782656	0.00115691071095	9.99917927474	10033.685534867227
9005	1005	10	10.4506683023	0.00103916602175	8.99917774839	10056.784078315353
18010	2010	20	17.4044415567	0.000863032839609	12.9972745645	20166.604047880945
18010	2010	20	20.0673546028	0.000997822971213	14.9972792573	20111.137127228438
18010	2010	20	20.068878613	0.000997623813468	14.9972787879	20116.679596161677
18010	2010	20	20.0288549753	0.0010028949555	14.9972911645	19971.03970410053
18010	2010	20	18.6976016883	0.000935460118495	13.997289753	19987.5989565375
18010	2010	20	22.7337060605	0.00113217091311	16.9972819185	20079.747498704615
18010	2010	20	20.0253194322	0.00100336470613	14.9972922626	19958.1660684642
18010	2010	20	18.6684141681	0.000939353028921	13.997299484	19873.693481894297
18010	2010	20	16.0183208632	0.000802816697887	11.9972927332	19952.650343945636
18010	2010	20	24.0687616453	0.00119909937669	17.9972825448	20072.366071630542
18010	2010	20	18.6933568006	0.000936023215494	13.9972911645	19971.03970410053
18010	2010	20	21.3643531499	0.0010697666955	15.9972911645	19971.03970410053
18010	2010	20	24.0317124505	0.00120399331721	17.9972921057	19960.00484964366
18010	2010	20	15.9969589251	0.000805674639387	11.9973010551	19855.358655990698
18010	2010	20	21.3369188403	0.00107342811312	15.9972991698	19877.361678472625
18010	2010	20	20.0693866891	0.000997557445216	14.9972786314	20118.52729415196
18010	2010	20	24.0305004459	0.00120415445065	17.9972924194	19956.32739046243
18010	2010	20	17.3850624474	0.000865562163609	12.9972814487	20085.284660404217
18010	2010	20	22.7342810982	0.001132095495	16.9972817619	20081.593115309344
18010	2010	20	22.6615780813	0.00114175466405	16.9973016837	19848.027597176068
18010	2010	20	22.7239366968	0.00113345455994	16.9972845809	20048.387910643894
18010	2010	20	20.0536531954	0.000999618975168	14.9972834844	20061.2970477667
18010	2010	20	17.4000318585	0.000863606387264	12.9972761283	20148.10464017455
18010	2010	20	20.0127068529	0.00100504598486	14.997296186	19912.230041651866
36020	4020	40	34.7134162951	0.00086297017911	19.9924301394	40225.51084078058
36020	4020	40	32.8758682492	0.000822432956813	18.9924442717	39973.91881834323
36020	4020	40	29.3944035613	0.000736336930503	16.9924473452	39919.77360309058
36020	4020	40	38.0783232297	0.000952095030986	21.9924431208	39994.246362419435
36020	4020	40	34.6542593788	0.000864500473606	19.9924379526	40085.8766846726
36020	4020	40	41.3667131766	0.00104328663771	23.9924628074	39650.38147845608
36020	4020	40	43.1156761193	0.00108610925602	24.9924600902	39697.365509447016
36020	4020	40	41.5963712716	0.00103724166692	23.9924369975	40102.873417249335
36020	4020	40	27.6291532862	0.000693936184942	15.9924533182	39815.12116777054
36020	4020	40	46.8481928319	0.00116562732829	26.9924320412	40191.39882437494
36020	4020	40	32.9113251996	0.000821507820008	18.9924392908	40062.09606054038
36020	4020	40	43.3282995839	0.00108052041455	24.9924371885	40099.47336536561
36020	4020	40	38.0137981409	0.00095378831656	21.9924510032	39855.59214862529
36020	4020	40	51.9512763373	0.0012978684151	29.9924412045	40028.15365021315
36020	4020	40	41.4690717435	0.001040571245	23.992451196	39852.21765709252
36020	4020	40	32.8174797538	0.0008239675725	18.9924525461	39828.6059416234
36020	4020	40	38.1574610264	0.000950038168579	21.9924335644	40164.13475623941
36020	4020	40	41.4862057925	0.0010401200533	23.9924492694	39885.97822055698
36020	4020	40	36.1987116788	0.000912715748903	20.9924622248	39660.443815399885
36020	4020	40	32.8405262025	0.000823360179884	18.9924492694	39885.97822055698
36020	4020	40	48.2613483167	0.00121727530882	27.9924630017	39647.028052674104
36020	4020	40	45.0320325676	0.00112453232878	25.9924402473	40045.120460513
36020	4020	40	37.9527253528	0.000955404602271	21.9924585397	39724.24380481235
36020	4020	40	38.1146650924	0.000951147769099	21.9924387171	40072.28564341596
72040	8040	80	69.5712287342	0.000868256900033	25.9843242473	80127.4700282263
72040	8040	80	96.4619452381	0.00116993044479	34.9844300906	82451.0086626
72040	8040	80	82.5351505861	0.00100215326558	29.9844257062	82357.8123434
72040	8040	80	68.7208706432	0.000834706146351	24.9844243726	82329.4172968
72040	8040	80	74.3057842657	0.000937465638919	27.9842867874	79262.40832819883
72040	8040	80	76.7730203313	0.00093465200021	27.9844155383	82140.7543279
72040	8040	80	74.0237763466	0.000902609361893	26.9844094831	82010.8670171
72040	8040	80	90.5305575694	0.00110304693124	32.9844123848	82073.1693326
72040	8040	80	68.7208571631	0.000871545894469	25.9842692977	78849.38429424778
72040	8040	80	76.8119576383	0.000936121344232	27.9844114645	82053.4197961
72040	8040	80	68.7155334995	0.00083515900156	24.9846166907	82278.3845605
72040	8040	80	82.2698565961	0.00100209889571	29.9848031574	82097.5424165
72040	8040	80	55.8582439668	0.000702426789299	20.9842979035	79521.80186997556
72040	8040	80	65.9060309887	0.00080231537188	23.984415727	82144.7940531
72040	8040	80	79.5066942921	0.00096902180572	28.9844112309	82048.4057457
72040	8040	80	93.2367377389	0.00113683045623	33.9844096586	82014.6374754
72040	8040	80	76.927259338	0.000931975701472	27.9844343881	82542.1298179
72040	8040	80	90.8402371716	0.00113614324309	33.9843166872	79954.91565370424
72040	8040	80	74.2442118659	0.000900561663059	26.9844296719	82442.1190813
72040	8040	80	76.9814140291	0.000936466168127	27.9844185021	82204.159263
72040	8040	80	74.3719053063	0.000903546744073	26.9844235117	82311.0766478
72040	8040	80	66.0550030436	0.000800976185444	23.9844308969	82468.1235772
72040	8040	80	85.0453471032	0.00103574842402	30.9844141046	82110.0424881
72040	8040	80	56.0356976765	0.000701746051932	20.9843121909	79851.81750887513
144080	16080	160	201.99129351	0.00125935466067	40.9781413036	160392.699386
144080	16080	160	157.249060134	0.000983245440586	31.9780914642	159928.593251
144080	16080	160	157.355373908	0.000982672027585	31.9781131217	160130.103932
144080	16080	160	136.726809941	0.000860358021364	27.9779824967	158918.504327
144080	16080	160	192.810852366	0.00119862822651	38.9781912978	160859.59608
144080	16080	160	171.533764073	0.00107592048803	34.9781750657	159429.777555
144080	16080	160	147.18886951	0.000922174764146	29.9780572328	159610.602277
144080	16080	160	152.044231275	0.000952589008108	30.9781945437	159611.574331
144080	16080	160	142.445912984	0.000891084985602	28.9780837318	159856.708715
144080	16080	160	128.441303494	0.000798837126597	25.9781833569	160785.34562
144080	16080	160	123.938707786	0.000767899930327	24.9782489337	161399.555972
144080	16080	160	147.648752737	0.000921670574487	29.9782571058	160196.882513
144080	16080	160	168.086395726	0.00104455093838	33.9781974745	160917.375639
144080	16080	160	172.738641743	0.00107503177382	34.9783088249	160682.359303
144080	16080	160	127.774097381	0.000798711651997	25.9780964812	159975.251471
144080	16080	160	128.007476827	0.000799474101571	25.9781114564	160114.601055
144080	16080	160	148.257997546	0.000922235297539	29.9781805818	160759.404831
144080	16080	160	152.088528813	0.00095291130889	30.9781937407	159604.07584
144080	16080	160	212.392616554	0.00132126720019	42.9781794876	160749.178155
144080	16080	160	122.737206086	0.000768087769387	24.9782142605	159795.808471
144080	16080	160	170.56000398	0.00107657523458	34.9779293715	158428.318339
144080	16080	160	160.554264049	0.00101477576041	32.9781826618	158216.495026
144080	16080	160	148.949519367	0.000921218105745	29.9782795971	161687.572616
144080	16080	160	128.137505671	0.00079901195094	25.9782755609	160369.948811
9005	1005	10	11.5934973886	0.00116554202409	9.99918502464	9946.872055268897
9005	1005	10	10.4459430513	0.00104193352015	8.99917981354	10025.53699371118
9005	1005	10	11.6087629779	0.00115650925345	9.99917900535	10037.760565444325
9005	1005	10	10.4375342832	0.00104690361758	8.99918349676	9969.909462392192
9005	1005	10	11.6099044111	0.00115584077637	9.99917855641	10044.553409433081
9005	1005	10	10.4424542362	0.00104398855458	8.99918134044	10002.46045844645
9005	1005	10	11.6028324797	0.00115999783532	9.99918134044	10002.46045844645
9005	1005	10	10.4430696774	0.00104362531265	8.99918107096	10006.531607479497
9005	1005	10	8.12552867186	0.000809715315241	6.99917918494	10035.043822085809
9005	1005	10	10.4412236521	0.00104471579747	8.99918187944	9994.319677484535
9005	1005	10	11.6016929509	0.00116067113054	9.99918178961	9995.67633386993
9005	1005	10	11.5955447917	0.00116432047225	9.99918421571	9959.066312061615
9005	1005	10	11.5944072232	0.00116499879589	9.9991846651	9952.291164720202
9005	1005	10	10.435076688	0.00104836726179	8.99918457522	9953.646082126175
9005	1005	10	10.4346672429	0.00104861160044	8.99918475498	9950.936303336122
9005	1005	10	9.28280536953	0.000927548815067	7.99918098113	10007.888769566294
9005	1005	10	9.29230158759	0.000921988970978	7.99917631221	10078.53876791109
9005	1005	10	9.28335250521	0.000927226232951	7.99918071167	10011.96059311922
9005	1005	10	5.80025793233	0.000580355453848	4.99918187944	9994.319677484535
9005	1005	10	10.4381489299	0.00104653834483	8.99918322717	9973.976568994301
9005	1005	10	11.6062529072	0.00115798262804	9.99917999316	10022.821263558784
9005	1005	10	11.6037443235	0.00115945976126	9.99918098113	10007.888769566294
9005	1005	10	11.6010093809	0.00116107548295	9.99918205912	9991.606533206437
9005	1005	10	11.6000981259	0.00116161505791	9.9991824185	9986.180918490838
18010	2010	20	21.3908055681	0.00106627231117	15.9972834844	20061.2970477667
18010	2010	20	21.3412156895	0.00107285211678	15.9972979133	19892.038572508936
18010	2010	20	24.0638935503	0.00119973893725	17.9972837977	20057.60820390375
18010	2010	20	17.3710067512	0.000867411002477	12.9972864611	20026.269786280664
18010	2010	20	20.0617693589	0.000998553897003	14.9972809791	20090.822757935777
18010	2010	20	22.6587291632	0.00114213831942	16.9973024695	19838.866079516367
18010	2010	20	20.0658309192	0.000998022208481	14.9972797268	20105.595595604984
18010	2010	20	17.3412445819	0.000871366125508	12.9972971281	19901.21497067583
18010	2010	20	25.3102519919	0.00127850501958	18.9973060859	19796.7560583558
18010	2010	20	21.4016290671	0.0010648525829	15.9972803529	20098.208344263323
18010	2010	20	24.0341369771	0.00120367117966	17.9972914782	19967.361006370033
18010	2010	20	16.0470643568	0.000799019753934	11.9972816053	20083.438835871973
18010	2010	20	22.7434872877	0.00113089017015	16.9972792573	20111.137127228438
18010	2010	20	21.3336978043	0.00107386051637	15.9973001124	19866.35832041087
18010	2010	20	24.0724145409	0.00119862015353	17.9972816053	20083.438835871973
18010	2010	20	19.9991104086	0.00100686810518	14.9973004266	19862.691355321993
18010	2010	20	21.4016290671	0.0010648525829	15.9972803529	20098.208344263323
18010	2010	20	20.0389662406	0.00100155523096	14.9972880284	20007.849413655495
18010	2010	20	20.1070853876	0.000992670576165	14.9972670647	20255.54687561658
18010	2010	20	20.0678625699	0.000997756576464	14.9972791008	20112.98451271166
18010	2010	20	17.3775913633	0.000866543376957	12.997284111	20053.91977526411
18010	2010	20	18.6594953076	0.000940552511057	13.9973024695	19838.866079516367
18010	2010	20	20.0490919243	0.00100021908058	14.9972848942	20044.700519653674
18010	2010	20	18.6858170436	0.000937025952247	13.9972936747	19941.621679456042
36020	4020	40	34.6686598537	0.00086412673077	19.9924360431	40119.87897059172
36020	4020	40	45.0788143323	0.00112331714727	25.9924354707	40130.086540374694
36020	4020	40	46.7432096261	0.00116835226395	26.992442354	40007.805067485126
36020	4020	40	45.0226937677	0.00112477568067	25.9924412045	40028.15365021315
36020	4020	40	34.5268845749	0.000867841084198	19.9924550567	39784.80070089739
36020	4020	40	46.772300453	0.00116759406013	26.992439482	40058.70023691954
36020	4020	40	50.0492177682	0.00125906357714	28.9924569907	39751.144165481644
36020	4020	40	44.9259150152	0.00112731279854	25.992451196	39852.21765709252
36020	4020	40	43.1405276002	0.00108544874605	24.9924573778	39744.41700471073
36020	4020	40	41.39734082	0.0010424705329	23.9924593147	39710.80190122933
36020	4020	40	36.3303404166	0.000909236193325	20.9924452315	39956.98882571655
36020	4020	40	46.4305637267	0.00117665535831	26.9924739196	39459.78182887375
36020	4020	40	46.5947303462	0.00117225993157	26.9924571842	39747.78041246324
36020	4020	40	29.5081213379	0.000733380646069	16.9924295694	40235.751374225045
36020	4020	40	39.8229539898	0.000995042263711	22.9924415876	40021.369385178565
36020	4020	40	41.7685351366	0.00103282041396	23.9924182162	40441.23699743982
36020	4020	40	45.0208267083	0.00112482436368	25.992441396	40024.76134211964
36020	4020	40	39.8114005118	0.000995343849741	22.992442929	39997.63551275601
36020	4020	40	41.690012758	0.00103482539239	23.9924267226	40287.00210152792
36020	4020	40	39.9974786511	0.000990540307281	22.9924216126	40379.45589607562
36020	4020	40	44.9370498106	0.00112701947014	25.9924500397	39872.46982090159
36020	4020	40	38.1130828364	0.000951188915198	21.9924389083	40068.88876371562
36020	4020	40	44.9500509204	0.00112667744655	25.9924486919	39896.113176047846
36020	4020	40	41.3361536536	0.00104410402141	23.992466308	39590.07225897777
72040	8040	80	57.8215490797	0.000701726446024	20.9844276419	82398.9881061
72040	8040	80	71.4565194977	0.0008660611523	25.9844327525	82507.4757227
72040	8040	80	82.550541283	0.00100031471423	29.9844335591	82524.5696265
72040	8040	80	63.2040368111	0.000768452710636	22.9844205751	82248.440192
72040	8040	80	62.9964288907	0.00076834955135	22.9844084791	81989.283107
72040	8040	80	96.3572123508	0.00116708151028	34.9844353521	82562.5386935
72040	8040	80	77.0802703986	0.000934309307803	27.9844323873	82499.7351036
72040	8040	80	74.7423315505	0.000900081988974	26.9844580294	83039.470255
72040	8040	80	79.8632157825	0.000969378830425	28.9844270297	82385.9705575
72040	8040	80	82.4570880716	0.00100336024013	29.9844174162	82180.9403775
72040	8040	80	68.6583694281	0.000835515404218	24.9844171323	82174.8696451
72040	8040	80	95.9676120069	0.00117064088585	34.9846028737	81978.6948899
72040	8040	80	87.8013116004	0.00107064368174	31.9844093482	82007.9668877
72040	8040	80	88.2243935177	0.0010688555786	31.9844343341	82540.9861574
72040	8040	80	66.3687256289	0.000836854419932	24.9842887071	79307.37300077757
72040	8040	80	107.27561888	0.00130326674983	38.9846182877	82312.8641118
72040	8040	80	71.7626963005	0.000867159837051	25.9844445172	82756.0194029
72040	8040	80	85.0096568209	0.00103529852182	30.984414161	82111.2510348
72040	8040	80	87.5916064893	0.00110492721649	32.9842872668	79273.64371318802
72040	8040	80	82.3692088748	0.0010022869846	29.9844174312	82181.2615954
72040	8040	80	87.8043040742	0.00106835518983	31.9844176731	82186.4347272
72040	8040	80	82.5588306186	0.00103686037249	30.984498511	79623.86528524631
72040	8040	80	74.4082058287	0.000899871319943	26.9844412711	82687.6067497
72040	8040	80	87.7673620594	0.00106778453994	31.9844181092	82195.7602653
9005	1005	10	11.5975931858	0.00116310147806	9.99918340689	9971.265108504542
9005	1005	10	10.4440956336	0.00104302047078	8.99918062185	10013.317980083231
9005	1005	10	11.6037443235	0.00115945976126	9.99918098113	10007.888769566294
9005	1005	10	9.27861359727	0.000930029420702	7.99918304746	9976.688253868408
9005	1005	10	10.4438904203	0.00104314138306	8.99918071167	10011.96059311922
9005	1005	10	10.4445060935	0.00104277873027	8.99918044222	10016.032922708753
9005	1005	10	10.4342578419	0.001048856053	8.99918493475	9948.226748615103
9005	1005	10	10.4461483752	0.00104181288768	8.99917972374	10026.894943194387
9005	1005	10	9.2893768383	0.000923692580646	7.99917774839	10056.784078315353
9005	1005	10	10.4430696774	0.00104362531265	8.99918107096	10006.531607479497
9005	1005	10	10.4414287218	0.00104459451998	8.99918178961	9995.67633386993
9005	1005	10	11.5953172535	0.00116445607378	9.99918430558	9957.71117052175
9005	1005	10	9.2880980539	0.000924439891002	7.99917837684	10047.270941363646
9005	1005	10	10.4424542362	0.00104398855458	8.99918134044	10002.46045844645
9005	1005	10	10.4457377384	0.00104205418056	8.99917990335	10024.179100500865
9005	1005	10	9.28152906329	0.000928302380171	7.99918160994	9998.389815156677
9005	1005	10	11.6010093809	0.00116107548295	9.99918205912	9991.606533206437
9005	1005	10	9.28043546929	0.000928949268257	7.99918214896	9990.250045304438
9005	1005	10	9.27060899086	0.000934812083966	7.9991870025	9917.082962308219
9005	1005	10	11.6048844046	0.00115878787021	9.99918053203	10014.675423278188
9005	1005	10	10.4367149085	0.00104739104472	8.99918385622	9964.487438718037
9005	1005	10	9.27242655753	0.000933720801142	7.99918610339	9930.620102052924
9005	1005	10	11.615158969	0.00115277570806	9.99917649171	10075.818641731803
9005	1005	10	10.4416338026	0.00104447327063	8.99918169977	9997.033046425762
18010	2010	20	22.6781217529	0.00113953453527	16.9972971281	19901.21497067583
18010	2010	20	16.0276162164	0.000801582757123	11.9972891259	19994.961311227795
18010	2010	20	18.7046825501	0.000934523127351	13.9972874015	20015.216320161344
18010	2010	20	24.0105272341	0.00120681939242	17.9972975992	19895.70882340883
18010	2010	20	14.6713285955	0.000737479731506	10.9972977562	19893.873646572083
18010	2010	20	18.7009051489	0.000935022622278	13.9972886555	20000.48416300637
18010	2010	20	18.7435254908	0.000929433902026	13.9972745645	20166.604047880945
18010	2010	20	22.6895510508	0.00113800843523	16.9972939885	19937.946282671302
18010	2010	20	21.3568122552	0.00107076930126	15.9972933608	19945.297488535
18010	2010	20	22.6878356201	0.00113823708962	16.9972944593	19932.43396034356
18010	2010	20	20.0597394489	0.000998819953734	14.9972816053	20083.438835871973
18010	2010	20	24.0268654666	0.00120463810983	17.9972933608	19945.297488535
18010	2010	20	22.7302566965	0.00113262363284	16.997282858	20068.67598153655
18010	2010	20	20.0122028158	0.00100511335319	14.997296343	19910.393939334408
18010	2010	20	22.6969888142	0.00113701866003	16.9972919488	19961.843734012393
18010	2010	20	14.6861215247	0.000735506385648	10.9972914782	19967.361006370033
18010	2010	20	22.6695604298	0.0011406817988	16.997299484	19873.693481894297
18010	2010	20	21.3568122552	0.00107076930126	15.9972933608	19945.297488535
18010	2010	20	20.0531462429	0.000999685617989	14.9972836411	20059.452573926468
18010	2010	20	17.3578586259	0.000869151475492	12.9972911645	19971.03970410053
18010	2010	20	18.6909997044	0.000936336340143	13.9972919488	19961.843734012393
18010	2010	20	21.3444399288	0.00107242052498	15.9972969711	19903.05055872213
18010	2010	20	17.3753957099	0.000866832392573	12.9972848942	20044.700519653674
18010	2010	20	22.70633347	0.00113581189162	16.9974249581	19991.27992710978
36020	4020	40	39.7833840764	0.000996077034697	22.9924461919	39940.06757566328
36020	4020	40	45.0096292509	0.00112511655033	25.9924425456	40004.41486521631
36020	4020	40	34.7351353108	0.000862411668169	19.9924272915	40276.74554137323
36020	4020	40	32.9171179495	0.00082137385037	18.9926275421	40075.68287528879
36020	4020	40	25.9443597783	0.000649417205907	14.9924456156	39950.219277092125
36020	4020	40	43.3282995839	0.00108052041455	24.9924371885	40099.47336536561
36020	4020	40	38.0153680053	0.000953746945249	21.9924508105	39858.96698770341
36020	4020	40	43.2475247825	0.00108262706553	24.9924458077	39946.83502715367
36020	4020	40	39.8875089512	0.000993365338981	22.9924341361	40153.91657622833
36020	4020	40	31.1784606267	0.000778253353984	17.9924392908	40062.09606054038
36020	4020	40	38.0941111981	0.000951682946234	21.9924412045	40028.15365021315
36020	4020	40	43.2421559212	0.00108276780106	24.9924463841	39936.684373967015
36020	4020	40	29.4150919894	0.000735794755339	16.9924440798	39977.30586677251
36020	4020	40	38.0830575489	0.00095197136809	21.9924425456	40004.41486521631
36020	4020	40	34.6801932372	0.000863827969118	19.9924345173	40147.106226001175
36020	4020	40	38.1130828364	0.000951188915198	21.9924389083	40068.88876371562
36020	4020	40	45.1464383052	0.00112157189298	25.9924286198	40252.82604502981
36020	4020	40	43.1280964694	0.00108577890057	24.9924587334	39720.88281193797
36020	4020	40	33.0225310842	0.000818638960407	18.9924238814	40338.333113016866
36020	4020	40	41.4553798445	0.00104093248033	23.9924527391	39825.234227878595
36020	4020	40	41.5790997702	0.0010376903641	23.9924389083	40068.88876371562
36020	4020	40	48.7097143976	0.00120558250962	27.9924202908	40403.468040568085
36020	4020	40	39.8213028741	0.000995085336238	22.9924417791	40017.97777931723
36020	4020	40	48.438796391	0.00121258158145	27.9924458077	39946.83502715367
72040	8040	80	68.7472090979	0.000835103238929	24.9846187023	82321.8087216
72040	8040	80	74.3460378772	0.000937308721459	27.9842891879	79318.62381633875
72040	8040	80	79.7611947901	0.000967050293689	28.9844314025	82478.8486293
72040	8040	80	77.2411128804	0.000932162471976	27.9844495712	82862.2854948
72040	8040	80	79.5390719479	0.000968730412422	28.9844139397	82106.5086096
72040	8040	80	84.9635883272	0.00103616389307	30.9844088945	81998.2136953
72040	8040	80	60.5024975204	0.000733866199449	21.9844297369	82443.499327
72040	8040	80	69.0850736268	0.000870116618006	25.9842925635	79397.4878736603
72040	8040	80	69.1527145379	0.000869854610652	25.9842969294	79499.16421795258
72040	8040	80	63.6709299658	0.000803520581248	23.9842858297	79239.9491086767
72040	8040	80	82.3996979935	0.00100222003847	29.9844191111	82217.1727069
72040	8040	80	76.8613160788	0.000971355644033	28.9842810623	79127.88333597315
72040	8040	80	68.5981081117	0.000835431490298	24.9844141489	82110.9916353
72040	8040	80	79.8678187502	0.000967986936291	28.9844328334	82509.1907296
72040	8040	80	93.2928758194	0.00113641241818	33.9844133658	82094.2065809
72040	8040	80	82.571933659	0.00100238780882	29.9844265251	82375.2373411
72040	8040	80	93.4269475537	0.00113679269414	33.9844175912	82184.6833074
72040	8040	80	68.5348145537	0.000835040521616	24.9844124067	82073.6392781
72040	8040	80	63.1203455913	0.000768144409515	22.9844170215	82172.4988289
72040	8040	80	77.5264464917	0.000968792021568	28.9843197013	80023.82840255229
72040	8040	80	79.7633001239	0.00100389363149	29.9842949854	79453.93577736976
72040	8040	80	76.996833101	0.000934090893794	27.9844290872	82429.7010201
72040	8040	80	76.6695183371	0.00093432162815	27.9848014063	82059.0212483
72040	8040	80	79.4623413489	0.000967824690319	28.9844138257	82104.0650686
144080	16080	160	118.382711171	0.000737018690076	23.9781660629	160623.75726
144080	16080	160	142.028897078	0.000891220381204	28.9780306948	159364.507448
144080	16080	160	142.455603248	0.000891825027667	28.978070624	159734.924261
144080	16080	160	175.623929903	0.0011067076133	35.9779578006	158690.45066
144080	16080	160	153.071602973	0.000951944711454	30.9781848001	160798.837507
144080	16080	160	165.665411281	0.00104489643493	33.977942271	158547.206922
144080	16080	160	157.561162471	0.000983186060127	31.9781266056	160255.692041
144080	16080	160	171.620896904	0.0010764460538	34.9780380722	159432.882213
144080	16080	160	137.868124042	0.00086054754172	27.9781216764	160209.770359
144080	16080	160	161.829020713	0.00101424116342	32.9780514287	159556.747003
144080	16080	160	147.576425001	0.000922346294394	29.9780992604	160001.103596
144080	16080	160	157.482182615	0.000983276440595	31.978116401	160160.638568
144080	16080	160	176.893092672	0.00110603129979	35.9780921509	159934.978969
144080	16080	160	147.733150968	0.000921723316234	29.9781291372	160279.281608
144080	16080	160	186.910510123	0.00116805379705	37.9781011573	160018.751358
144080	16080	160	142.115243107	0.00089051326083	28.9781920207	159588.014416
144080	16080	160	158.751850295	0.000982676694859	31.9782650041	161550.437825
144080	16080	160	156.887651875	0.000984151541812	31.9780360481	159414.119888
144080	16080	160	191.498467272	0.00119842045022	38.9786251433	159792.389422
144080	16080	160	166.968541205	0.00104470791182	33.9780801241	159823.180542
144080	16080	160	196.867659815	0.00122786740687	39.9781349002	160332.995821
144080	16080	160	133.27881984	0.000829107102234	26.9783159996	160749.822889
144080	16080	160	206.83640825	0.00129087990841	41.9781237416	160229.008835
144080	16080	160	162.764776149	0.00101424841138	32.9782870961	160478.216502
9005	1005	10	9.27733887001	0.000930787023096	7.99918367648	9967.198338409346
9005	1005	10	11.5982762043	0.00116269571364	9.99918313731	9975.332383380988
9005	1005	10	10.4408135457	0.00104495843696	8.99918205912	9991.606533206437
9005	1005	10	10.4412236521	0.00104471579747	8.99918187944	9994.319677484535
9005	1005	10	11.6044283353	0.00115905653317	9.99918071167	10011.96059311922
9005	1005	10	10.4242412474	0.00105488094489	8.99918934085	9881.91254942061
9005	1005	10	9.2941308385	0.000920927402116	7.99917541478	10092.142786871796
9005	1005	10	10.4492295622	0.00104000674643	8.99917837684	10047.270941363646
9005	1005	10	9.27970660282	0.00092938102804	7.99918250834	9984.82465516828
9005	1005	10	11.6007815488	0.00116121032969	9.99918214896	9990.250045304438
9005	1005	10	11.5928151411	0.00116594977779	9.9991852943	9942.80831123194
9005	1005	10	10.4418388945	0.00104435204943	8.99918160994	9998.389815156677
9005	1005	10	10.4463537102	0.00104169228313	8.99917963394	10028.252948955167
9005	1005	10	10.4521075856	0.00103832665513	8.99917712002	10066.299977903065
9005	1005	10	9.28882872874	0.000924012708527	7.99917801772	10052.706681433343
9005	1005	10	8.12936455295	0.000807473123011	6.99917703026	10067.659617744757
9005	1005	10	10.4305752126	0.00105106126523	8.99918655292	9923.850833121462
9005	1005	10	10.4477913649	0.00104084883245	8.99917900535	10037.760565444325
9005	1005	10	10.4299617873	0.00105142970238	8.99918682266	9919.789942896292
9005	1005	10	10.4414287218	0.00104459451998	8.99918178961	9995.67633386993
9005	1005	10	11.5980485192	0.00116283093699	9.99918322717	9973.976568994301
9005	1005	10	10.4358957101	0.00104787892591	8.99918421571	9959.066312061615
9005	1005	10	9.28645461148	0.000925402497101	7.99917918494	10035.043822085809
9005	1005	10	11.6078500528	0.00115704459205	9.99917936454	10032.327303949536
18010	2010	20	21.337455813	0.00107335607976	15.9972990127	19879.19593076116
18010	2010	20	21.3837785732	0.00106719716617	15.9972855209	20037.326982268827
18010	2010	20	18.670763236	0.000939037883976	13.9972986986	19882.864743394453
18010	2010	20	20.0288549753	0.0010028949555	14.9972911645	19971.03970410053
18010	2010	20	17.3802271815	0.000866196812477	12.9972831712	20064.98630694646
18010	2010	20	18.7108254224	0.000933712585168	13.9972853643	20039.170211069762
18010	2010	20	18.6853460936	0.000937088694624	13.9972938316	19939.783929532678
18010	2010	20	16.035711519	0.000800512843865	11.997285991	20031.79791788382
18010	2010	20	18.7240755872	0.000931971567953	13.9972809791	20090.822757935777
18010	2010	20	20.0637998489	0.000998287981956	14.9972803529	20098.208344263323
18010	2010	20	20.0278446404	0.00100302912508	14.9972914782	19967.361006370033
18010	2010	20	16.0507183047	0.000798541014137	11.9972801964	20100.05500097434
18010	2010	20	20.0182536258	0.00100430552865	14.9972944593	19932.43396034356
18010	2010	20	20.0704029501	0.000997424735198	14.9972783184	20122.22300272183
18010	2010	20	17.3556700012	0.000869442233514	12.9972919488	19961.843734012393
18010	2010	20	18.7018492974	0.000934897698502	13.997288342	20004.166581395366
18010	2010	20	22.7176216539	0.001134286707	16.9972863044	20028.112393192045
18010	2010	20	17.3639909213	0.000868338386496	12.9972889691	19996.802158395494
18010	2010	20	20.0364370739	0.00100188982646	14.9972888123	19998.643108984477
18010	2010	20	20.0846458758	0.000995570495161	14.9972739391	20174.00673626666
18010	2010	20	18.7335562232	0.000930731953524	13.997277849	20127.767347226185
18010	2010	20	16.0405742438	0.000799872265549	11.997284111	20053.91977526411
18010	2010	20	15.9981659458	0.000805512326018	11.9973005837	19860.858026650578
18010	2010	20	21.4162653416	0.00106294193544	15.9972761283	20148.10464017455
36020	4020	40	29.4860078814	0.000733950975857	16.992432993	40174.35612362149
36020	4020	40	39.8593308372	0.000994095610683	22.9924373795	40096.07366623925
36020	4020	40	39.8742411811	0.000993708862541	22.9924356615	40126.68366379445
36020	4020	40	41.5497877758	0.00103845404096	23.9924421623	40011.19562054315
36020	4020	40	36.4391163864	0.000906408958136	20.9924314704	40201.62870114255
36020	4020	40	29.4468182013	0.000734967089079	16.9924390995	40065.492236114755
36020	4020	40	41.5394572296	0.00103872384243	23.9924433125	39990.85756258188
36020	4020	40	44.9612037544	0.00112638444867	25.9924475375	39916.39249593183
36020	4020	40	41.4793496136	0.00104030048301	23.9924500397	39872.46982090159
36020	4020	40	36.2957983049	0.000910143058943	20.9924496545	39879.223324635306
36020	4020	40	43.3607371109	0.00107968004817	24.992433755	40160.72834218156
36020	4020	40	50.0327334607	0.00125950121811	28.9924585397	39724.24380481235
36020	4020	40	36.327332821	0.00090931497945	20.9924456156	39950.219277092125
36020	4020	40	45.0582123094	0.00112385150339	25.9924375705	40092.67431979707
36020	4020	40	43.1600840559	0.0010849303373	24.99245525	39781.43349131727
36020	4020	40	45.1389094152	0.00112176554225	25.9924293794	40239.165596681894
36020	4020	40	36.4375988763	0.000906448104869	20.9924316607	40198.218387354806
36020	4020	40	36.2329759246	0.000911803751248	20.992457765	39737.691224719965
36020	4020	40	29.3907572132	0.000736432691437	16.9924479222	39909.631328054755
36020	4020	40	30.9772744171	0.000783575891532	17.9924696214	39533.215291408414
36020	4020	40	38.0704366388	0.000952301207232	21.9924440798	39977.30586677251
36020	4020	40	43.2528956532	0.00108248636658	24.9924452315	39956.98882571655
36020	4020	40	39.8841907604	0.0009934511976	22.9924345173	40147.106226001175
36020	4020	40	46.7975567046	0.00116693774578	26.9924369975	40102.873417249335
72040	8040	80	82.02356971	0.00103893885618	30.9842735078	78949.37148828853
72040	8040	80	102.021687196	0.0012323219394	36.9844460452	82788.1772888
72040	8040	80	82.6832676899	0.000999514749464	29.9844429692	82723.4092686
72040	8040	80	66.5208880941	0.000836273099744	24.9844951279	79544.45517194935
72040	8040	80	104.193791867	0.00130334379279	38.9843161862	79943.44427252635
72040	8040	80	76.7084023226	0.000934371067217	27.9844134632	82096.2945171
72040	8040	80	90.402193675	0.00110282549513	32.9844077338	81973.2533156
72040	8040	80	85.4706011875	0.00103602609186	30.9844323292	82498.5025563
72040	8040	80	74.5484677322	0.000936524926352	27.9843013243	79601.15703762927
72040	8040	80	79.804512205	0.000971360176949	28.98441632	82157.4881273
72040	8040	80	85.6345350852	0.00103440094712	30.9844459701	82786.5977148
72040	8040	80	79.4045899835	0.00096783760826	28.9848006922	82043.2986958
72040	8040	80	93.8757394067	0.00113444084064	33.9844442632	82750.6697955
72040	8040	80	79.6427803441	0.00096954058305	28.9844157303	82144.8650386
72040	8040	80	71.3466788807	0.000868492127841	25.9844159729	82150.0582372
72040	8040	80	82.8330604714	0.00100129024097	29.984637556	82726.3235797
72040	8040	80	93.0932602126	0.00113443975757	33.9844118176	82060.9993533
72040	8040	80	93.4029448363	0.00113519798266	33.9844220068	82278.9912096
72040	8040	80	77.0838303694	0.000934434087332	27.9844320474	82492.5282739
72040	8040	80	84.8127797199	0.00103515988975	30.98440582	81932.0576076
72040	8040	80	101.382559936	0.00123685397277	36.9844074939	81968.091762
72040	8040	80	99.0494895611	0.00120208543837	35.9844275975	82398.0445979
72040	8040	80	85.0492552602	0.00103475196157	30.9846127373	82192.8910684
72040	8040	80	82.467762694	0.00100238764576	29.9844216476	82271.3279068
144080	16080	160	142.338633943	0.000891002440342	28.9780723672	159751.115707
144080	16080	160	182.627633603	0.00113782854832	36.9782899917	160505.406437
144080	16080	160	117.935183879	0.000737243133785	23.9780956832	159967.829438
144080	16080	160	168.862175521	0.00104378365463	33.9782893091	161778.903868
144080	16080	160	142.857375068	0.000890375070644	28.9781470492	160446.288062
144080	16080	160	176.395063014	0.00110657383896	35.9780352261	159406.50032
144080	16080	160	113.434768235	0.00070695468224	22.9781480368	160455.501724
144080	16080	160	157.713136791	0.000983519018378	31.9781373636	160355.960428
144080	16080	160	123.142273339	0.000768085298356	24.9781339025	160323.695302
144080	16080	160	177.338986662	0.00110664890737	35.9782626275	160248.643884
144080	16080	160	176.423901861	0.00110623384444	35.9780433227	159481.562374
144080	16080	160	138.14411471	0.000860314790003	27.9782972857	160573.915868
144080	16080	160	171.81656072	0.00107625224463	34.9781979506	159643.393616
144080	16080	160	187.094971654	0.00116751594099	37.9781260446	160250.464328
144080	16080	160	172.758834599	0.0010755604815	34.9783024189	160622.147773
144080	16080	160	162.060543233	0.00101461617878	32.9780696588	159725.960046
144080	16080	160	161.960465888	0.00101371607646	32.9782113993	159769.061228
144080	16080	160	148.733961611	0.000921787715968	29.9783800987	161353.811766
144080	16080	160	162.252179162	0.00101477282692	32.9780873294	159890.149654
144080	16080	160	117.993874652	0.00073760599782	23.9780957771	159968.702805
144080	16080	160	167.972677887	0.0010450001058	33.9781784401	160739.388402
144080	16080	160	157.298718463	0.000983824261479	31.9782237951	159884.976029
144080	16080	160	151.602504147	0.000953022595696	30.9779994731	159075.456167
144080	16080	160	128.537812529	0.000798551427128	25.9784750273	160963.725269
9005	1005	10	10.4371245738	0.00104714727443	8.99918367648	9967.198338409346
9005	1005	10	10.4465590562	0.0010415717065	8.99917954413	10029.611010998173
9005	1005	10	9.28901142207	0.000923905974583	7.99917792794	10054.065757354814
9005	1005	10	10.435281427	0.00104824513516	8.99918448534	9955.001055558669
9005	1005	10	10.4383538341	0.00104641664387	8.99918313731	9975.332383380988
9005	1005	10	10.432825285	0.00104971253517	8.99918556399	9938.745071100253
9005	1005	10	8.12712635241	0.00080877955709	6.99917828706	10048.62979184799
9005	1005	10	10.4492295622	0.00104000674643	8.99917837684	10047.270941363646
9005	1005	10	10.4430696774	0.00104362531265	8.99918107096	10006.531607479497
9005	1005	10	10.4408135457	0.00104495843696	8.99918205912	9991.606533206437
9005	1005	10	8.12488984072	0.000810090225016	6.99917954413	10029.611010998173
9005	1005	10	8.12457047679	0.000810277810111	6.99917972374	10026.894943194387
9005	1005	10	8.11978414413	0.000813102046758	6.9991824185	9986.180918490838
9005	1005	10	8.115960639	0.000815375649489	6.99918457522	9953.646082126175
9005	1005	10	8.12409149541	0.000810559350684	6.99917999316	10022.821263558784
9005	1005	10	9.28025323796	0.000929057170593	7.99918223881	9988.89361355427
9005	1005	10	11.6003259213	0.00116148011716	9.99918232865	9987.537237951283
9005	1005	10	11.6030604222	0.00115986326999	9.99918125061	10003.81745192423
9005	1005	10	9.27515473962	0.000932088645418	7.99918475498	9950.936303336122
9005	1005	10	10.4492295622	0.00104000674643	8.99917837684	10047.270941363646
9005	1005	10	9.27752094452	0.000930678718629	7.99918358662	9968.553872362005
9005	1005	10	9.28335250521	0.000927226232951	7.99918071167	10011.96059311922
9005	1005	10	10.435076688	0.00104836726179	8.99918457522	9953.646082126175
9005	1005	10	9.28499444283	0.000926259831328	7.99917990335	10024.179100500865
18010	2010	20	20.0521324463	0.000999818930289	14.9972839543	20055.763937686857
18010	2010	20	18.6801678537	0.000937779415656	13.9972955581	19919.575479925177
18010	2010	20	22.6912668473	0.00113777987267	16.9972935178	19943.459532452966
18010	2010	20	17.3368799177	0.000871950804948	12.9972986986	19882.864743394453
18010	2010	20	21.3417529673	0.00107278016069	15.9972977562	19893.873646572083
18010	2010	20	18.7027935804	0.000934772808097	13.9972880284	20007.849413655495
18010	2010	20	21.3390669598	0.00107314003767	15.9972985415	19884.699303762198
18010	2010	20	18.7004331251	0.000935085096686	13.9972888123	19998.643108984477
18010	2010	20	18.7240755872	0.000931971567953	13.9972809791	20090.822757935777
18010	2010	20	22.699278741	0.00113671446006	16.9972913214	19969.20030361168
18010	2010	20	17.3591721747	0.000868977113992	12.997290694	19976.558525166205
18010	2010	20	20.0263294077	0.00100323044677	14.9972919488	19961.843734012393
18010	2010	20	20.0582173967	0.000999019589331	14.997282075	20077.901986046076
18010	2010	20	18.7183937029	0.000932716922636	13.997282858	20068.67598153655
18010	2010	20	20.0521324463	0.000999818930289	14.9972839543	20055.763937686857
18010	2010	20	20.054667209	0.000999485716175	14.9972831712	20064.98630694646
18010	2010	20	16.0167058326	0.000803031684126	11.9972933608	19945.297488535
18010	2010	20	19.976005988	0.00100998772032	14.997307659	19778.4642190955
18010	2010	20	18.694771461	0.000935835441196	13.997290694	19976.558525166205
18010	2010	20	24.0809440528	0.00119750345424	17.9972794138	20109.289845890744
18010	2010	20	17.3512950869	0.000870024333473	12.9972935178	19943.459532452966
18010	2010	20	21.3859400315	0.00106691242459	15.9972848942	20044.700519653674
18010	2010	20	20.0263294077	0.00100323044677	14.9972919488	19961.843734012393
18010	2010	20	18.6811090507	0.000937653754296	13.9972952441	19923.248816625393
36020	4020	40	37.9824418126	0.00095461649724	21.9924548634	39788.16825652442
36020	4020	40	34.6614573609	0.00086431356178	19.9924369975	40102.873417249335
36020	4020	40	46.9460363431	0.00116311554951	26.9924225575	40362.31513092042
36020	4020	40	39.7587129758	0.000996724860276	22.9924490769	39889.35619076769
36020	4020	40	39.7078717739	0.00099806637395	22.9924550567	39784.80070089739
36020	4020	40	34.665778315	0.000864201453479	19.9924364248	40113.07569017696
36020	4020	40	41.4673595111	0.00104061638571	23.9924513888	39848.84351303353
36020	4020	40	41.6431126168	0.00103603212069	23.9924318509	40194.80842845688
36020	4020	40	39.7587129758	0.000996724860276	22.9924490769	39889.35619076769
36020	4020	40	51.9663649203	0.0012974753359	29.9924398646	40051.9096452467
36020	4020	40	38.005951748	0.000953995226971	21.9924519674	39838.72316498376
36020	4020	40	41.565298127	0.00103804960147	23.9924404387	40041.726395566155
36020	4020	40	41.6847937598	0.00103495933446	23.9924272915	40276.74554137323
36020	4020	40	50.2295475534	0.00125432379715	28.9924402473	40045.120460513
36020	4020	40	38.0909520257	0.000951765334642	21.9924415876	40021.369385178565
36020	4020	40	46.9087832203	0.00116406874909	26.9924261539	40297.26187304627
36020	4020	40	43.1707624746	0.00108464777756	24.9924540906	39801.641940924776
36020	4020	40	43.3355015989	0.00108033355342	24.9924364248	40113.07569017696
36020	4020	40	38.1146650924	0.000951147769099	21.9924387171	40072.28564341596
36020	4020	40	32.8854030204	0.000822183676581	18.992442929	39997.63551275601
36020	4020	40	43.3589331043	0.00107972670089	24.9924339455	40157.3222822024
36020	4020	40	38.2131535758	0.000948603645281	21.9924269122	40283.58289142412
36020	4020	40	46.8677123146	0.00116512410495	26.9924301394	40225.51084078058
36020	4020	40	34.509818153	0.000868293480034	19.9924573778	39744.41700471073
72040	8040	80	60.2565626781	0.000735043227896	21.9844079031	81976.8965842
72040	8040	80	106.667756302	0.00133754277991	39.9845038627	79749.04272519854
72040	8040	80	79.8510990438	0.000967793008058	28.9844327983	82508.4479625
72040	8040	80	77.2477941993	0.000936504460699	27.9846262946	82485.2389295
72040	8040	80	79.5647390375	0.000969352447916	28.9846075451	82080.2992849
72040	8040	80	76.7689739577	0.000935902151116	27.9844102205	82026.7095937
72040	8040	80	71.4332696823	0.000867999159094	25.9844228266	82296.4733709
72040	8040	80	84.9952545722	0.00103512558554	30.9844141518	82111.0556631
72040	8040	80	98.7464635188	0.00120437808733	35.9844084933	81989.5882842
72040	8040	80	76.7327259765	0.000936089903124	27.9844076539	81971.5347003
72040	8040	80	71.5499421156	0.000904359561215	26.9842805875	79116.69780932416
72040	8040	80	90.6693607124	0.00110441349728	32.9844135098	82097.2950218
72040	8040	80	74.313828834	0.000937434251198	27.9842872668	79273.64371318802
72040	8040	80	88.2323172388	0.00106807694005	31.9846320468	82608.5780247
72040	8040	80	88.0927974219	0.00106785630888	31.9844321636	82494.9917786
72040	8040	80	85.0748477632	0.00103678807402	30.9844115921	82056.1596868
72040	8040	80	82.6944526691	0.00103634041807	30.9845058195	79794.68061558416
72040	8040	80	79.8220978317	0.00096769603949	28.9844317748	82486.746431
72040	8040	80	79.7802251425	0.000966534427383	28.9844344084	82542.5591497
72040	8040	80	85.1072933874	0.00103630271396	30.9844148447	82125.9003193
72040	8040	80	79.9896059962	0.000967857858919	28.9844393011	82646.0262311
72040	8040	80	88.061847819	0.00106725059242	31.9844330042	82512.8123089
72040	8040	80	61.222092005	0.000769220242121	22.9843008346	79589.80881240762
72040	8040	80	82.3729985644	0.00100181822276	29.9844194071	82223.4979292
144080	16080	160	128.373379562	0.000799229811908	25.9781658063	160621.360276
144080	16080	160	151.961311296	0.000952350352459	30.9780522648	159564.503656
144080	16080	160	161.305535796	0.00101392777926	32.9780010203	159089.768617
144080	16080	160	176.035743741	0.00110687901229	35.9779954153	159037.927169
144080	16080	160	157.111115115	0.000983396080172	31.978073735	159763.820787
144080	16080	160	152.584789559	0.000952440309352	30.9781210617	160204.044349
144080	16080	160	157.532979232	0.00098327661106	31.9781219449	160212.271359
144080	16080	160	166.552638536	0.00104615331297	33.978013452	159204.809153
144080	16080	160	181.718423099	0.00113792670056	36.9780660615	159692.555776
144080	16080	160	141.982080363	0.000890918983031	28.9780308421	159365.871721
144080	16080	160	198.626004556	0.00122873972277	39.9782756199	161650.185858
144080	16080	160	166.640510203	0.00104464266666	33.9780473757	159519.149966
144080	16080	160	175.962698713	0.00110616446989	35.9779993833	159074.625431
144080	16080	160	137.900897207	0.000860600575347	27.9781247045	160237.979334
144080	16080	160	166.742979471	0.00104427056257	33.978475565	159674.116505
144080	16080	160	147.166585288	0.000921899690658	29.9783341408	159634.054311
144080	16080	160	186.190564621	0.00116859062986	37.9780268799	159329.161011
144080	16080	160	114.273069183	0.000706224549997	22.9784281833	161808.406665
144080	16080	160	219.36466107	0.00138411108403	44.9780737866	158487.756945
144080	16080	160	163.41053541	0.00101340522642	32.9782328781	161248.956636
144080	16080	160	157.359087197	0.000982408890231	31.9783917859	160176.774418
144080	16080	160	123.118611269	0.000767759101442	24.9782746063	160360.992189
144080	16080	160	190.483493734	0.00119910095525	38.9779756514	158855.259768
144080	16080	160	157.964333943	0.000983006169715	31.978173707	160695.160223
288160	32160	320	313.18300903	0.000975888529051	31.9769394314	320920.883592
288160	32160	320	223.533920967	0.000701221694643	22.9769312684	318777.81688
288160	32160	320	241.445600407	0.000762296274873	24.9766374462	316734.593051
288160	32160	320	341.674642826	0.00106744445021	34.9769523001	320086.579455
288160	32160	320	282.925807849	0.000884337475191	28.9770860496	319929.682713
288160	32160	320	292.61958256	0.000914907198288	29.9769343519	319835.261005
288160	32160	320	332.72811879	0.0010369636953	33.9771524403	320867.664217
288160	32160	320	360.155179126	0.00112848164135	36.9769579422	319150.233312
288160	32160	320	294.844001063	0.000914942556756	29.9771779295	322254.111896
288160	32160	320	371.73128572	0.00115900138612	37.976998419	320734.116603
288160	32160	320	291.40529585	0.000914848493435	29.9768405844	318528.475415
288160	32160	320	362.180816096	0.00112845111941	36.9770862808	320953.925135
288160	32160	320	223.350772339	0.000701240283307	22.9768391229	318508.188499
288160	32160	320	223.925703368	0.000701261246687	22.9768247477	319318.519918
288160	32160	320	362.736963114	0.00112852321911	36.9771917974	321426.229404
288160	32160	320	387.510993358	0.00121999438262	39.9767759298	317633.424282
288160	32160	320	373.681308625	0.00115907352571	37.9770440698	322396.552365
288160	32160	320	273.603943329	0.000853817877738	27.9770503998	320447.662743
288160	32160	320	358.113149632	0.00112850986181	36.9767541319	317332.760441
288160	32160	320	281.96685571	0.000884359870845	28.9769355281	318837.234711
288160	32160	320	346.050839317	0.00106742725324	34.9774562341	324191.497142
288160	32160	320	301.154674294	0.000945513460316	30.9769119869	318509.134913
288160	32160	320	320.39441826	0.00100637739233	32.976974392	318364.085582
288160	32160	320	186.074977358	0.000579153108374	18.9771099021	321288.057799
576320	64320	640	723.234215565	0.00112844606895	36.9769207874	640911.635448
576320	64320	640	469.693612906	0.000731725318356	23.9771752319	641898.812469
576320	64320	640	622.144324377	0.00097585782219	31.9769091175	637535.82769
576320	64320	640	645.756265654	0.00100637880861	32.9770208004	641663.218792
576320	64320	640	819.421868175	0.00128103593359	41.9769854719	639655.646409
576320	64320	640	804.934332776	0.00125052051436	40.9770562147	643679.430709
576320	64320	640	505.022501403	0.000792755181522	25.9770017881	637047.241285
576320	64320	640	784.474189854	0.00122000443243	39.9771052417	643009.294887
576320	64320	640	604.842133238	0.000945339395455	30.9768813103	639814.79683
576320	64320	640	584.499676863	0.00091482530779	29.9769956857	638919.443839
576320	64320	640	858.959130142	0.00134207149412	43.9769987194	640024.867456
576320	64320	640	688.054650358	0.00106741604162	34.9770888516	644598.379201
576320	64320	640	686.327396536	0.00106741095241	34.9769220885	642983.28117
576320	64320	640	525.753913081	0.000823275595547	26.9770947149	638612.289645
576320	64320	640	582.449627574	0.00091482284419	29.9769149584	636680.239538
576320	64320	640	701.590098692	0.00109792640365	35.9768523947	639013.777573
576320	64320	640	585.618968905	0.000914824413156	29.9769663703	640143.573437
576320	64320	640	623.267232266	0.000975856850376	31.9768772731	638687.151733
576320	64320	640	843.741169395	0.00131155749525	42.9771160044	643312.376659
576320	64320	640	605.923663291	0.000945341765956	30.9769589869	640957.254944
576320	64320	640	659.556361707	0.00103688913353	33.9767831276	636091.497516
576320	64320	640	634.139508359	0.00100636486594	32.9765639272	630128.822875
576320	64320	640	761.239424108	0.00118948243191	38.9769603287	639975.340273
576320	64320	640	682.030793428	0.00106741547594	34.9770703155	638955.316654
1152640	128640	1280	1413.78989104	0.00109797501546	35.9784453067	1287633.93623
1152640	128640	1280	1202.85278162	0.000945378698851	30.9781692039	1272350.20536
1152640	128640	1280	1092.47606059	0.000853829143607	27.9782733777	1279501.95747
1152640	128640	1280	1372.4640197	0.00106745539806	34.9783784836	1285734.30065
1152640	128640	1280	1099.16081726	0.000853839567236	27.9786149392	1287315.39207
1152640	128640	1280	1241.67073448	0.00097590166936	31.9783459016	1272331.80705
1152640	128640	1280	1412.56872527	0.00109797391425	35.9784092223	1286523.0284
1152640	128640	1280	1016.02683252	0.000792796665894	25.978361148	1281573.03913
1152640	128640	1280	1215.25311842	0.000945385478691	30.9783913658	1285457.77972
1152640	128640	1280	1636.55607495	0.00128108118452	41.9784682543	1277480.3773
1152640	128640	1280	1325.95541413	0.001036932062	33.9781898077	1278729.30418
1152640	128640	1280	1416.46581154	0.00109797572239	35.9784684713	1290070.24715
1152640	128640	1280	1449.70439531	0.00112849266775	36.9784477368	1284637.85077
1152640	128640	1280	1131.26288189	0.000884346569482	28.9782683888	1279207.63299
1152640	128640	1280	1138.01662395	0.000884350494579	28.9783970064	1286838.90711
1152640	128640	1280	1522.81293997	0.00118952285761	38.9782849983	1280188.04365
1152640	128640	1280	972.812699666	0.000762272542717	24.9781466797	1276200.63055
1152640	128640	1280	1157.21177232	0.000914862639401	29.9782189679	1264902.2077
1152640	128640	1280	1011.77833228	0.000792798743677	25.9784292328	1276210.81687
1152640	128640	1280	1439.83883508	0.00112849086455	36.9783886497	1275897.64375
1152640	128640	1280	1351.93020664	0.00106744811458	34.9781398185	1266506.71651
1152640	128640	1280	1280.59932196	0.00100641713998	32.9782768428	1272433.93529
1152640	128640	1280	1132.25982451	0.000884351979971	28.9784456797	1280327.12105
1152640	128640	1280	1146.48944103	0.000884356413316	28.9785909515	1296411.06659
2305280	257280	2560	2884.17319755	0.00112848619492	36.9782356351	2555789.5263
2305280	257280	2560	2253.57301515	0.000884346704728	28.9782728205	2548291.30148
2305280	257280	2560	2580.80155094	0.00100642004348	32.9783719849	2564338.38699
2305280	257280	2560	2989.03792695	0.00115900695733	37.9783399779	2578964.61108
2305280	257280	2560	2643.87878425	0.00103692935876	33.9781012279	2549719.286
2305280	257280	2560	3035.17658111	0.00118951830181	38.9781357138	2551601.41419
2305280	257280	2560	2363.01861926	0.000914873977215	29.9785904854	2582889.75106
2305280	257280	2560	1882.55353629	0.000731766459715	23.9785233519	2572615.2262
2305280	257280	2560	2049.60838689	0.00079280094881	25.9785014906	2585274.89147
2305280	257280	2560	3363.6215003	0.00131159420139	42.9783187912	2564529.10262
2305280	257280	2560	2735.96264582	0.001067451808	34.9782608447	2563078.37535
2305280	257280	2560	2424.67906396	0.000945380815624	30.9782385664	2564764.40381
2305280	257280	2560	2877.77274854	0.00112848360081	36.9781506313	2550123.67613
2305280	257280	2560	2782.48856	0.00109796354095	35.9780693099	2534226.73542
2305280	257280	2560	2903.31613915	0.0011284913961	36.9784060673	2572741.04986
2305280	257280	2560	3077.39343612	0.00118953323139	38.9786249261	2587059.65914
2305280	257280	2560	2495.71742145	0.000975893120898	31.9780657856	2557367.57233
2305280	257280	2560	3192.65823897	0.00125055606078	40.9782209998	2552990.89668
2305280	257280	2560	2646.801034	0.00103692841474	33.9780702941	2552539.78615
2305280	257280	2560	3140.23675895	0.00122004136534	39.9783154595	2573877.28659
2305280	257280	2560	3125.57254803	0.00122004049991	39.9782871011	2561859.66634
2305280	257280	2560	2750.40849805	0.00106745639262	34.9784110732	2576600.33428
2305280	257280	2560	2252.56018394	0.000884341640316	28.9781068699	2547160.60089
2305280	257280	2560	2571.58723179	0.00100641572788	32.9782305711	2555193.80368
4610560	514560	5120	7531.34295852	0.00146418287959	47.9783445983	5143717.40274
4610560	514560	5120	4060.19107258	0.000792795093155	25.9783096125	5121362.51553
4610560	514560	5120	6872.789479	0.0013421143021	43.9784014513	5120867.47621
4610560	514560	5120	4336.79685727	0.000853820057824	27.9779756548	5079286.69223
4610560	514560	5120	6114.83625977	0.00118952337097	38.9783018201	5140576.81336
4610560	514560	5120	4716.47227662	0.000914872007268	29.9785259341	5155335.65259
4610560	514560	5120	5660.32156624	0.00109797746206	35.9785254768	5155225.64153
4610560	514560	5120	3590.2818736	0.000701239905915	22.978229237	5119905.24686
4610560	514560	5120	5017.63691996	0.000975903303593	31.9783994521	5141530.82738
4610560	514560	5120	6729.27338159	0.00131159074261	42.9782054537	5130619.76042
4610560	514560	5120	5449.7381318	0.00106744562642	34.9780582864	5105401.15293
4610560	514560	5120	5912.70351551	0.00115900830616	37.9783841763	5101519.53534
4610560	514560	5120	5771.58948108	0.00112848408436	36.9781664765	5114462.45547
4610560	514560	5120	7019.51162646	0.00137262902245	44.9783078076	5113917.53464
4610560	514560	5120	5473.82026796	0.00106745383991	34.9783274262	5127922.22323
4610560	514560	5120	3906.65475554	0.000762278733832	24.9783495502	5124968.8364
4610560	514560	5120	4715.08206607	0.000914869117779	29.9784312514	5153832.36185
4610560	514560	5120	6081.38593804	0.00118952713954	38.9784253085	5112439.83924
4610560	514560	5120	5012.2363013	0.000975903497347	31.9784058011	5135995.83865
4610560	514560	5120	4815.35264571	0.000945380136806	30.9782163229	5093562.32297
4610560	514560	5120	5659.96391163	0.00109797337531	35.9783915621	5154919.08903
4610560	514560	5120	5452.96010053	0.00106744753464	34.978120815	5108410.41231
4610560	514560	5120	5278.85548315	0.0010369308473	33.9781500042	5090846.21884
4610560	514560	5120	4987.86184092	0.000975894389821	31.9781073657	5111067.23529
9221120	1029120	10240	7496.85272968	0.000731763683572	23.9784323833	10244909.522
9221120	1029120	10240	10715.2072324	0.00103694674935	33.9786710826	10333420.9198
9221120	1029120	10240	8434.56890454	0.00082331270176	26.9783106113	10244672.3906
9221120	1029120	10240	13178.5170881	0.00128108269085	41.9785176137	10287015.1804
9221120	1029120	10240	11778.7180938	0.00115900304982	37.9782119364	10162801.6386
9221120	1029120	10240	10006.5541498	0.000975902755565	31.9783814944	10253638.5852
9221120	1029120	10240	12115.6560656	0.00118952076581	38.978216454	10185325.3965
9221120	1029120	10240	10966.0774693	0.00106745260443	34.9782869419	10273128.2155
9221120	1029120	10240	11888.422339	0.00115900626587	37.9783173199	10257427.1504
9221120	1029120	10240	12134.6737821	0.0011895160462	38.9780618019	10201353.5849
9221120	1029120	10240	8115.2053921	0.000792794224197	25.9782811385	10236206.5015
9221120	1029120	10240	10569.1440631	0.00103693131727	33.9781654044	10192713.7189
9221120	1029120	10240	9074.19547895	0.000884345555022	28.978235147	10260916.027
9221120	1029120	10240	12876.0083823	0.00125056043285	40.9783642637	10296190.4471
9221120	1029120	10240	8466.68754202	0.000823313185571	26.9783264648	10283677.8159
9221120	1029120	10240	10303.9892191	0.00100641811096	32.9783086599	10238278.8097
9221120	1029120	10240	9945.42883892	0.000975896851636	31.9781880344	10191065.6052
9221120	1029120	10240	7810.4391488	0.000762277643148	24.9783138107	10246186.831
9221120	1029120	10240	7193.2391791	0.000701243325069	22.9783412759	10257836.2202
9221120	1029120	10240	8773.62578926	0.000853832179292	27.978372851	10275585.7674
9221120	1029120	10240	13133.7567383	0.00128107808652	41.9783667389	10252112.5578
9221120	1029120	10240	13033.9160408	0.00128106424238	41.9779130942	10174287.6037
9221120	1029120	10240	9346.21554152	0.000914861900122	29.9781947432	10215985.1014
9221120	1029120	10240	8045.20930703	0.000792786693858	25.9780343843	10148012.5352
18442240	2058240	20480	20646.3717159	0.00100642091061	32.9784003988	20514648.9886
18442240	2058240	20480	29023.4166547	0.00143365462309	46.9779946894	20244357.4535
18442240	2058240	20480	21686.6793088	0.00106744527154	34.9780466579	20316432.0335
18442240	2058240	20480	25002.2025639	0.00122003849894	39.9782215333	20492961.9726
18442240	2058240	20480	18495.1008109	0.000914857860276	29.9780623655	20216365.4203
18442240	2058240	20480	25541.1370158	0.00125056276274	40.9784406095	20423714.6482
18442240	2058240	20480	18751.3893191	0.000914868307803	29.9784047101	20496271.6045
18442240	2058240	20480	19414.1677722	0.000945388645595	30.9784951389	20535647.284
18442240	2058240	20480	25408.1711098	0.00125055618299	40.9782250042	20317496.691
18442240	2058240	20480	13804.301154	0.000670726496845	21.9783658486	20581117.9653
18442240	2058240	20480	15591.3835004	0.000762278203661	24.9783321776	20453665.6374
18442240	2058240	20480	22533.6126036	0.0010979707837	35.9783066401	20522961.9387
18442240	2058240	20480	24997.134804	0.00122004101872	39.9783041014	20488765.8861
18442240	2058240	20480	19943.855119	0.000975899485328	31.9782743352	20436382.4542
18442240	2058240	20480	18638.0363738	0.000914860315564	29.9781428204	20372548.7452
18442240	2058240	20480	18629.0374005	0.000914861388794	29.978177988	20362688.4124
18442240	2058240	20480	23229.8328194	0.00112848686202	36.9782574947	20584938.6477
18442240	2058240	20480	27002.4857796	0.00131159560176	42.9783646786	20587508.637
18442240	2058240	20480	23087.2943792	0.00112848543876	36.9782108572	20458655.102
18442240	2058240	20480	16824.7767588	0.000823307696895	26.9781466119	20435587.8394
18442240	2058240	20480	22043.4425346	0.00106745818074	34.9784696665	20650403.8588
18442240	2058240	20480	19809.2716391	0.000975894689142	31.9781171738	20298575.1019
18442240	2058240	20480	24625.2345371	0.00122003641314	39.9781531858	20184016.044
18442240	2058240	20480	22251.5401758	0.00109796661163	35.9781699299	20266135.5455
36884480	4116480	40960	35260.4470871	0.000853833240403	27.9784076215	41296643.6754
36884480	4116480	40960	30155.471335	0.000731768009357	23.9785741306	41209059.3595
36884480	4116480	40960	36172.0417537	0.000884343918073	28.9781815074	40902686.1772
36884480	4116480	40960	33933.4193518	0.000823314032626	26.9783542211	41215645.5582
36884480	4116480	40960	31325.7491028	0.000762278964923	24.9783571226	41094862.3067
36884480	4116480	40960	43784.9491999	0.00106745193589	34.9782650353	41018192.6959
36884480	4116480	40960	38628.5664879	0.000945376512783	30.9780975709	40860510.0356
36884480	4116480	40960	48594.264657	0.00118951756929	38.9781117105	40852078.1127
36884480	4116480	40960	32557.6202213	0.000792798614546	25.9784250014	41066696.6667
36884480	4116480	40960	37482.3509117	0.000914868946999	29.9784256553	40970185.9864
36884480	4116480	40960	36031.6346345	0.000884343543389	28.9781692298	40743933.6261
36884480	4116480	40960	41017.2566614	0.00100641342717	32.9781551814	40755871.8456
36884480	4116480	40960	31085.3546351	0.00076227358895	24.9781809627	40779787.0551
36884480	4116480	40960	35937.294186	0.000884338325165	28.977998239	40637494.9082
36884480	4116480	40960	38674.1499984	0.000945382895157	30.9783067085	40908451.1647
36884480	4116480	40960	42251.7501454	0.00103693000829	33.9781225118	40746964.4117
36884480	4116480	40960	42342.5241077	0.00103693578073	33.978311663	40834278.1632
36884480	4116480	40960	39640.4740255	0.000975892251692	31.9780373034	40619724.1107
36884480	4116480	40960	37547.9173397	0.000914868753303	29.9784193082	41041862.2389
36884480	4116480	40960	48757.4372262	0.00118952661184	38.9784080167	40988941.938
36884480	4116480	40960	41314.089591	0.00100641781018	32.9782988038	41050634.4118
36884480	4116480	40960	41333.7983995	0.00100641671611	32.9782629533	41070262.1867
36884480	4116480	40960	37265.0610748	0.000914854390238	29.9779486593	40733324.8574
36884480	4116480	40960	34985.827622	0.000853831010998	27.9783345684	40975119.3987
73768960	8232960	81920	107498.431455	0.00131157654465	42.9777402152	81961233.5198
73768960	8232960	81920	60223.083904	0.000731750720026	23.9780075938	82299999.516
73768960	8232960	81920	99484.9464301	0.00122002353638	39.9777312401	81543464.9116
73768960	8232960	81920	69549.5041471	0.000853813109079	27.9777479583	81457526.7205
73768960	8232960	81920	84875.3919295	0.00103692397616	33.9779248507	81853051.7967
73768960	8232960	81920	87746.0455298	0.00106743678142	34.9777684535	82202568.8615
73768960	8232960	81920	83056.7668245	0.0010064066387	32.977932737	82528039.4927
73768960	8232960	81920	99210.9867157	0.00122001685384	39.9775122666	81319357.5184
73768960	8232960	81920	52452.0671561	0.000640188274844	20.9776893901	81932252.1471
73768960	8232960	81920	84624.4823042	0.00103691619523	33.9776698853	81611689.2509
73768960	8232960	81920	100444.811639	0.00122002317889	39.9777195258	82330248.6192
73768960	8232960	81920	57353.2928466	0.000701220112419	22.9775806437	81790712.8316
73768960	8232960	81920	91169.797073	0.00109795840884	35.9779011409	83035747.3825
73768960	8232960	81920	72356.7078785	0.000884329731649	28.9777166467	81820960.3148
73768960	8232960	81920	80137.1628069	0.000975884092471	31.9777699421	82117500.8643
73768960	8232960	81920	92179.6169681	0.00112847065088	36.9777262881	81685435.856
73768960	8232960	81920	60485.511717	0.000731749016084	23.977951759	82658822.0654
73768960	8232960	81920	62439.8789068	0.00076226574251	24.9779238506	81913531.4952
73768960	8232960	81920	92324.7882475	0.00112847357635	36.9778221499	81813868.0269
73768960	8232960	81920	94078.5602772	0.00115898110666	37.9774929032	81173506.3982
73768960	8232960	81920	94511.6437864	0.00115898880368	37.977745119	81546640.9048
73768960	8232960	81920	117310.708561	0.00143365007902	46.9778457895	81826597.9109
73768960	8232960	81920	105707.827067	0.00128106756682	41.9780220297	82515419.018
73768960	8232960	81920	97825.5260756	0.00118950418079	38.9776729962	82240590.3696
147537920	16465920	163840	129553.933649	0.000792796583227	25.9783584392	163413839.553
147537920	16465920	163840	169408.728224	0.00103692663464	33.9780119639	163375809.402
147537920	16465920	163840	224943.791961	0.00137262424377	44.9781512198	163878638.296
147537920	16465920	163840	145351.839558	0.000884346457666	28.9782647248	164360741.538
147537920	16465920	163840	185482.117872	0.00112848748147	36.9782777929	164363469.615
147537920	16465920	163840	188917.562632	0.00115900194994	37.9781758955	163000211.209
147537920	16465920	163840	154306.756045	0.000945376375042	30.9780930574	163222564.175
147537920	16465920	163840	158420.94345	0.000975891286927	31.97800569	162334622.28
147537920	16465920	163840	175019.730703	0.00106745675793	34.9784230439	163959550.963
147537920	16465920	163840	179141.214525	0.00109796138675	35.977998721	163158027.857
147537920	16465920	163840	155921.033572	0.000945390510126	30.9785562358	164927648.313
147537920	16465920	163840	193611.933848	0.0011895207706	38.9782166111	162764651.642
147537920	16465920	163840	221029.073714	0.00134211548417	43.9784401852	164687075.234
147537920	16465920	163840	150767.722464	0.000914870938473	29.9784909119	164796711.89
147537920	16465920	163840	156210.37834	0.000945383024908	30.9783109602	165235015.04
147537920	16465920	163840	154972.77221	0.000945380178899	30.9782177022	163926403.017
147537920	16465920	163840	189238.1424	0.0011589971525	37.9780186931	163277486.914
147537920	16465920	163840	180541.864335	0.0010979715575	35.9783319962	164432186.883
147537920	16465920	163840	166274.843585	0.00100642312038	32.9784728087	165213656.381
147537920	16465920	163840	165364.172457	0.0010064193295	32.9783485889	164309416.175
147537920	16465920	163840	205705.920071	0.00125056158554	40.978402035	164490835.517
147537920	16465920	163840	194666.455902	0.00118952482554	38.9783494834	163650603.772
147537920	16465920	163840	210734.377726	0.00128107520814	41.9782724205	164498053.187
147537920	16465920	163840	135190.630394	0.00082331410092	26.978356459	164202981.878
295075840	32931840	327680	241099.254974	0.000731759394237	23.9782918304	329478865.421
295075840	32931840	327680	258503.843974	0.00079279947241	25.9784531119	326064601.416
295075840	32931840	327680	319686.004509	0.000975900258257	31.9782996626	327580612.674
295075840	32931840	327680	380833.424744	0.00115900495718	37.9782744369	328586536.566
295075840	32931840	327680	289095.881977	0.000884343909826	28.9781812372	326904362.392
295075840	32931840	327680	409059.781829	0.00125055749766	40.9782680833	327101938.612
295075840	32931840	327680	279943.285602	0.000853830828006	27.9783285721	327867390.611
295075840	32931840	327680	320559.53857	0.000975899643237	31.9782795096	328475925.564
295075840	32931840	327680	347770.102817	0.00106744857136	34.9781547863	325795651.564
295075840	32931840	327680	391235.023689	0.00118952698624	38.978420285	328899661.98
295075840	32931840	327680	332919.329943	0.00100642420213	32.9785082555	330794240.875
295075840	32931840	327680	553844.428239	0.00170831404399	55.9780345934	324205277.237
295075840	32931840	327680	342892.424824	0.00103693726963	33.9783604512	330678079.443
295075840	32931840	327680	367359.174697	0.00112848899556	36.9783274064	325531906.951
295075840	32931840	327680	315497.130623	0.000975889203417	31.9779374176	323291957.241
295075840	32931840	327680	300315.765995	0.000914866789884	29.9783549709	328261741.835
295075840	32931840	327680	396780.135748	0.00122003328558	39.9780507019	325220746.382
295075840	32931840	327680	360044.530531	0.00109797057883	35.9782999272	327918195.142
295075840	32931840	327680	291597.267067	0.00088435173218	28.9784375601	329729966.546
295075840	32931840	327680	259999.993248	0.000792793184346	25.9782470647	327954374.964
295075840	32931840	327680	321098.419704	0.000975897676965	31.9782150788	329028777.589
295075840	32931840	327680	452607.665422	0.00137263264025	44.9784263556	329736924.615
295075840	32931840	327680	426947.728562	0.00131158526551	42.9780259803	325520375.829
295075840	32931840	327680	279386.531962	0.000853823973738	27.9781039714	327217951.891
590151680	65863680	655360	717351.716653	0.0010979657427	35.9781414569	653346173.521
590151680	65863680	655360	718946.250599	0.00109796843589	35.9782297074	654796829.395
590151680	65863680	655360	459261.593474	0.000701244490921	22.9783794785	654923638.503
590151680	65863680	655360	359920.94387	0.000548659971189	17.9784899359	656000005.049
590151680	65863680	655360	558497.958599	0.000853832357889	27.9783787033	654107276.959
590151680	65863680	655360	698557.112949	0.00106745067962	34.9782238697	654416289.471
590151680	65863680	655360	806806.831871	0.00122004473111	39.978425749	661292829.106
590151680	65863680	655360	698828.858163	0.0010674473416	34.9781144896	654672910.716
590151680	65863680	655360	477182.001226	0.000731755679842	23.9781701171	652105633.575
590151680	65863680	655360	630063.390233	0.000975891260122	31.9780048117	645628684.24
590151680	65863680	655360	544122.750004	0.000823320429339	26.9785638286	660888192.026
590151680	65863680	655360	519933.729343	0.00079278677291	25.9780369747	655830479.405
590151680	65863680	655360	598972.098982	0.000914866817429	29.9783558735	654709611.904
590151680	65863680	655360	700272.013557	0.00106744864017	34.978157041	656024081.353
590151680	65863680	655360	596084.429202	0.000914858650796	29.9780882693	651559045.415
590151680	65863680	655360	645903.816538	0.000975907828777	31.9785477334	661849200.808
590151680	65863680	655360	581389.857361	0.00088435806237	28.9786449877	657414549.717
590151680	65863680	655360	576105.082379	0.000884349718892	28.9783715886	651444864.031
590151680	65863680	655360	835232.065948	0.00128107166015	41.9781561599	651979192.051
590151680	65863680	655360	658627.004071	0.00100641639272	32.9782523568	654427937.415
590151680	65863680	655360	770765.175004	0.0011895160407	38.9780616216	647965347.782
590151680	65863680	655360	716061.328076	0.00109796532156	35.9781276569	652171169.722
590151680	65863680	655360	679576.719523	0.00103692220193	33.977866713	655378695.002
590151680	65863680	655360	640772.738851	0.000975896818644	31.9781869533	656598860.258
1180303360	131727360	1310720	1478114.47446	0.00112848449605	36.9781799666	1309822580.31
1180303360	131727360	1310720	1323797.09897	0.00100642370289	32.9784918963	1315347696.17
1180303360	131727360	1310720	1227653.8843	0.000945381844636	30.978272285	1298579924.36
1180303360	131727360	1310720	1555205.77635	0.00118952809788	38.9784567113	1307414073.8
1180303360	131727360	1310720	1383980.71378	0.00106745172371	34.9782580826	1296527686.49
1180303360	131727360	1310720	917999.515546	0.00070124166208	22.978286783	1309105783.62
1180303360	131727360	1310720	1506446.36052	0.00115900056624	37.9781305546	1299780521.6
1180303360	131727360	1310720	1481589.88267	0.00112848639522	36.9782421985	1312900083.64
1180303360	131727360	1310720	1154452.68542	0.000884345765776	28.9782420529	1305431348.35
1180303360	131727360	1310720	1299468.52048	0.00100640899674	32.9780100051	1291193267.04
1180303360	131727360	1310720	1363993.86685	0.00103693707138	33.9783539551	1315406599.39
1180303360	131727360	1310720	1646125.0207	0.00125056374927	40.9784729362	1316306363.15
1180303360	131727360	1310720	1652807.28245	0.00125056266151	40.9784372922	1321650912.29
1180303360	131727360	1310720	1370466.87751	0.0010369405874	33.978469168	1321644551.45
1180303360	131727360	1310720	1480227.64424	0.0011284881153	36.9782985622	1311690946.65
1180303360	131727360	1310720	1121958.76512	0.000853836876208	27.9785267596	1314020038.71
1180303360	131727360	1310720	1403639.41306	0.00106745676173	34.9784231684	1314937956.63
1180303360	131727360	1310720	1194363.11359	0.000914863630577	29.9782514467	1305509448.26
1180303360	131727360	1310720	1487837.91173	0.00112848752606	36.9782792539	1318435407.9
1180303360	131727360	1310720	1192413.96322	0.000914864546459	29.9782814584	1303377606.92
1180303360	131727360	1310720	999397.582812	0.000762274492903	24.9782105834	1311073100.46
1180303360	131727360	1310720	1399796.41052	0.00106745331917	34.9783103625	1311342037.52
1180303360	131727360	1310720	1551112.11065	0.00118951656912	38.978078937	1303985291.94
1180303360	131727360	1310720	1404450.63732	0.00106745613408	34.9784026015	1315698690.07
